hic_contacts_WD_SUMOnub_merge_all_dm6_NA_at_1000bp_Allstate_local_rescaled.clpy 60 60 0.000000
hic_contacts_WD_SUMOnub_merge_all_dm6_NA_at_1000bp_Allstate_local_rescaled.clpy 60 61 0.000000
hic_contacts_WD_SUMOnub_merge_all_dm6_NA_at_1000bp_Allstate_local_rescaled.clpy 60 62 1.014793
hic_contacts_WD_SUMOnub_merge_all_dm6_NA_at_1000bp_Allstate_local_rescaled.clpy 60 63 1.083805
hic_contacts_WD_SUMOnub_merge_all_dm6_NA_at_1000bp_Allstate_local_rescaled.clpy 60 64 1.113296
hic_contacts_WD_SUMOnub_merge_all_dm6_NA_at_1000bp_Allstate_local_rescaled.clpy 60 65 1.096120
hic_contacts_WD_SUMOnub_merge_all_dm6_NA_at_1000bp_Allstate_local_rescaled.clpy 60 66 0.954020
hic_contacts_WD_SUMOnub_merge_all_dm6_NA_at_1000bp_Allstate_local_rescaled.clpy 60 67 0.875166
hic_contacts_WD_SUMOnub_merge_all_dm6_NA_at_1000bp_Allstate_local_rescaled.clpy 60 68 0.860076
hic_contacts_WD_SUMOnub_merge_all_dm6_NA_at_1000bp_Allstate_local_rescaled.clpy 60 69 0.876121
hic_contacts_WD_SUMOnub_merge_all_dm6_NA_at_1000bp_Allstate_local_rescaled.clpy 61 60 0.000000
hic_contacts_WD_SUMOnub_merge_all_dm6_NA_at_1000bp_Allstate_local_rescaled.clpy 61 61 0.000000
hic_contacts_WD_SUMOnub_merge_all_dm6_NA_at_1000bp_Allstate_local_rescaled.clpy 61 62 0.000000
hic_contacts_WD_SUMOnub_merge_all_dm6_NA_at_1000bp_Allstate_local_rescaled.clpy 61 63 1.037166
hic_contacts_WD_SUMOnub_merge_all_dm6_NA_at_1000bp_Allstate_local_rescaled.clpy 61 64 1.109768
hic_contacts_WD_SUMOnub_merge_all_dm6_NA_at_1000bp_Allstate_local_rescaled.clpy 61 65 1.112084
hic_contacts_WD_SUMOnub_merge_all_dm6_NA_at_1000bp_Allstate_local_rescaled.clpy 61 66 0.962830
hic_contacts_WD_SUMOnub_merge_all_dm6_NA_at_1000bp_Allstate_local_rescaled.clpy 61 67 0.888459
hic_contacts_WD_SUMOnub_merge_all_dm6_NA_at_1000bp_Allstate_local_rescaled.clpy 61 68 0.873580
hic_contacts_WD_SUMOnub_merge_all_dm6_NA_at_1000bp_Allstate_local_rescaled.clpy 61 69 0.859833
hic_contacts_WD_SUMOnub_merge_all_dm6_NA_at_1000bp_Allstate_local_rescaled.clpy 62 60 1.014793
hic_contacts_WD_SUMOnub_merge_all_dm6_NA_at_1000bp_Allstate_local_rescaled.clpy 62 61 0.000000
hic_contacts_WD_SUMOnub_merge_all_dm6_NA_at_1000bp_Allstate_local_rescaled.clpy 62 62 0.000000
hic_contacts_WD_SUMOnub_merge_all_dm6_NA_at_1000bp_Allstate_local_rescaled.clpy 62 63 0.000000
hic_contacts_WD_SUMOnub_merge_all_dm6_NA_at_1000bp_Allstate_local_rescaled.clpy 62 64 1.043643
hic_contacts_WD_SUMOnub_merge_all_dm6_NA_at_1000bp_Allstate_local_rescaled.clpy 62 65 1.127283
hic_contacts_WD_SUMOnub_merge_all_dm6_NA_at_1000bp_Allstate_local_rescaled.clpy 62 66 0.967200
hic_contacts_WD_SUMOnub_merge_all_dm6_NA_at_1000bp_Allstate_local_rescaled.clpy 62 67 0.896894
hic_contacts_WD_SUMOnub_merge_all_dm6_NA_at_1000bp_Allstate_local_rescaled.clpy 62 68 0.891143
hic_contacts_WD_SUMOnub_merge_all_dm6_NA_at_1000bp_Allstate_local_rescaled.clpy 62 69 0.868562
hic_contacts_WD_SUMOnub_merge_all_dm6_NA_at_1000bp_Allstate_local_rescaled.clpy 63 60 1.083805
hic_contacts_WD_SUMOnub_merge_all_dm6_NA_at_1000bp_Allstate_local_rescaled.clpy 63 61 1.037166
hic_contacts_WD_SUMOnub_merge_all_dm6_NA_at_1000bp_Allstate_local_rescaled.clpy 63 62 0.000000
hic_contacts_WD_SUMOnub_merge_all_dm6_NA_at_1000bp_Allstate_local_rescaled.clpy 63 63 0.000000
hic_contacts_WD_SUMOnub_merge_all_dm6_NA_at_1000bp_Allstate_local_rescaled.clpy 63 64 0.000000
hic_contacts_WD_SUMOnub_merge_all_dm6_NA_at_1000bp_Allstate_local_rescaled.clpy 63 65 1.063308
hic_contacts_WD_SUMOnub_merge_all_dm6_NA_at_1000bp_Allstate_local_rescaled.clpy 63 66 0.977325
hic_contacts_WD_SUMOnub_merge_all_dm6_NA_at_1000bp_Allstate_local_rescaled.clpy 63 67 0.911290
hic_contacts_WD_SUMOnub_merge_all_dm6_NA_at_1000bp_Allstate_local_rescaled.clpy 63 68 0.890800
hic_contacts_WD_SUMOnub_merge_all_dm6_NA_at_1000bp_Allstate_local_rescaled.clpy 63 69 0.873320
hic_contacts_WD_SUMOnub_merge_all_dm6_NA_at_1000bp_Allstate_local_rescaled.clpy 64 60 1.113296
hic_contacts_WD_SUMOnub_merge_all_dm6_NA_at_1000bp_Allstate_local_rescaled.clpy 64 61 1.109768
hic_contacts_WD_SUMOnub_merge_all_dm6_NA_at_1000bp_Allstate_local_rescaled.clpy 64 62 1.043643
hic_contacts_WD_SUMOnub_merge_all_dm6_NA_at_1000bp_Allstate_local_rescaled.clpy 64 63 0.000000
hic_contacts_WD_SUMOnub_merge_all_dm6_NA_at_1000bp_Allstate_local_rescaled.clpy 64 64 0.000000
hic_contacts_WD_SUMOnub_merge_all_dm6_NA_at_1000bp_Allstate_local_rescaled.clpy 64 65 0.000000
hic_contacts_WD_SUMOnub_merge_all_dm6_NA_at_1000bp_Allstate_local_rescaled.clpy 64 66 0.912394
hic_contacts_WD_SUMOnub_merge_all_dm6_NA_at_1000bp_Allstate_local_rescaled.clpy 64 67 0.921303
hic_contacts_WD_SUMOnub_merge_all_dm6_NA_at_1000bp_Allstate_local_rescaled.clpy 64 68 0.911718
hic_contacts_WD_SUMOnub_merge_all_dm6_NA_at_1000bp_Allstate_local_rescaled.clpy 64 69 0.900753
hic_contacts_WD_SUMOnub_merge_all_dm6_NA_at_1000bp_Allstate_local_rescaled.clpy 65 60 1.096120
hic_contacts_WD_SUMOnub_merge_all_dm6_NA_at_1000bp_Allstate_local_rescaled.clpy 65 61 1.112084
hic_contacts_WD_SUMOnub_merge_all_dm6_NA_at_1000bp_Allstate_local_rescaled.clpy 65 62 1.127283
hic_contacts_WD_SUMOnub_merge_all_dm6_NA_at_1000bp_Allstate_local_rescaled.clpy 65 63 1.063308
hic_contacts_WD_SUMOnub_merge_all_dm6_NA_at_1000bp_Allstate_local_rescaled.clpy 65 64 0.000000
hic_contacts_WD_SUMOnub_merge_all_dm6_NA_at_1000bp_Allstate_local_rescaled.clpy 65 65 0.000000
hic_contacts_WD_SUMOnub_merge_all_dm6_NA_at_1000bp_Allstate_local_rescaled.clpy 65 66 0.000000
hic_contacts_WD_SUMOnub_merge_all_dm6_NA_at_1000bp_Allstate_local_rescaled.clpy 65 67 0.915560
hic_contacts_WD_SUMOnub_merge_all_dm6_NA_at_1000bp_Allstate_local_rescaled.clpy 65 68 0.921208
hic_contacts_WD_SUMOnub_merge_all_dm6_NA_at_1000bp_Allstate_local_rescaled.clpy 65 69 0.904712
hic_contacts_WD_SUMOnub_merge_all_dm6_NA_at_1000bp_Allstate_local_rescaled.clpy 66 60 0.954020
hic_contacts_WD_SUMOnub_merge_all_dm6_NA_at_1000bp_Allstate_local_rescaled.clpy 66 61 0.962830
hic_contacts_WD_SUMOnub_merge_all_dm6_NA_at_1000bp_Allstate_local_rescaled.clpy 66 62 0.967200
hic_contacts_WD_SUMOnub_merge_all_dm6_NA_at_1000bp_Allstate_local_rescaled.clpy 66 63 0.977325
hic_contacts_WD_SUMOnub_merge_all_dm6_NA_at_1000bp_Allstate_local_rescaled.clpy 66 64 0.912394
hic_contacts_WD_SUMOnub_merge_all_dm6_NA_at_1000bp_Allstate_local_rescaled.clpy 66 65 0.000000
hic_contacts_WD_SUMOnub_merge_all_dm6_NA_at_1000bp_Allstate_local_rescaled.clpy 66 66 0.000000
hic_contacts_WD_SUMOnub_merge_all_dm6_NA_at_1000bp_Allstate_local_rescaled.clpy 66 67 0.000000
hic_contacts_WD_SUMOnub_merge_all_dm6_NA_at_1000bp_Allstate_local_rescaled.clpy 66 68 1.033285
hic_contacts_WD_SUMOnub_merge_all_dm6_NA_at_1000bp_Allstate_local_rescaled.clpy 66 69 1.032423
hic_contacts_WD_SUMOnub_merge_all_dm6_NA_at_1000bp_Allstate_local_rescaled.clpy 67 60 0.875166
hic_contacts_WD_SUMOnub_merge_all_dm6_NA_at_1000bp_Allstate_local_rescaled.clpy 67 61 0.888459
hic_contacts_WD_SUMOnub_merge_all_dm6_NA_at_1000bp_Allstate_local_rescaled.clpy 67 62 0.896894
hic_contacts_WD_SUMOnub_merge_all_dm6_NA_at_1000bp_Allstate_local_rescaled.clpy 67 63 0.911290
hic_contacts_WD_SUMOnub_merge_all_dm6_NA_at_1000bp_Allstate_local_rescaled.clpy 67 64 0.921303
hic_contacts_WD_SUMOnub_merge_all_dm6_NA_at_1000bp_Allstate_local_rescaled.clpy 67 65 0.915560
hic_contacts_WD_SUMOnub_merge_all_dm6_NA_at_1000bp_Allstate_local_rescaled.clpy 67 66 0.000000
hic_contacts_WD_SUMOnub_merge_all_dm6_NA_at_1000bp_Allstate_local_rescaled.clpy 67 67 0.000000
hic_contacts_WD_SUMOnub_merge_all_dm6_NA_at_1000bp_Allstate_local_rescaled.clpy 67 68 0.000000
hic_contacts_WD_SUMOnub_merge_all_dm6_NA_at_1000bp_Allstate_local_rescaled.clpy 67 69 1.097527
hic_contacts_WD_SUMOnub_merge_all_dm6_NA_at_1000bp_Allstate_local_rescaled.clpy 68 60 0.860076
hic_contacts_WD_SUMOnub_merge_all_dm6_NA_at_1000bp_Allstate_local_rescaled.clpy 68 61 0.873580
hic_contacts_WD_SUMOnub_merge_all_dm6_NA_at_1000bp_Allstate_local_rescaled.clpy 68 62 0.891143
hic_contacts_WD_SUMOnub_merge_all_dm6_NA_at_1000bp_Allstate_local_rescaled.clpy 68 63 0.890800
hic_contacts_WD_SUMOnub_merge_all_dm6_NA_at_1000bp_Allstate_local_rescaled.clpy 68 64 0.911718
hic_contacts_WD_SUMOnub_merge_all_dm6_NA_at_1000bp_Allstate_local_rescaled.clpy 68 65 0.921208
hic_contacts_WD_SUMOnub_merge_all_dm6_NA_at_1000bp_Allstate_local_rescaled.clpy 68 66 1.033285
hic_contacts_WD_SUMOnub_merge_all_dm6_NA_at_1000bp_Allstate_local_rescaled.clpy 68 67 0.000000
hic_contacts_WD_SUMOnub_merge_all_dm6_NA_at_1000bp_Allstate_local_rescaled.clpy 68 68 0.000000
hic_contacts_WD_SUMOnub_merge_all_dm6_NA_at_1000bp_Allstate_local_rescaled.clpy 68 69 0.000000
hic_contacts_WD_SUMOnub_merge_all_dm6_NA_at_1000bp_Allstate_local_rescaled.clpy 69 60 0.876121
hic_contacts_WD_SUMOnub_merge_all_dm6_NA_at_1000bp_Allstate_local_rescaled.clpy 69 61 0.859833
hic_contacts_WD_SUMOnub_merge_all_dm6_NA_at_1000bp_Allstate_local_rescaled.clpy 69 62 0.868562
hic_contacts_WD_SUMOnub_merge_all_dm6_NA_at_1000bp_Allstate_local_rescaled.clpy 69 63 0.873320
hic_contacts_WD_SUMOnub_merge_all_dm6_NA_at_1000bp_Allstate_local_rescaled.clpy 69 64 0.900753
hic_contacts_WD_SUMOnub_merge_all_dm6_NA_at_1000bp_Allstate_local_rescaled.clpy 69 65 0.904712
hic_contacts_WD_SUMOnub_merge_all_dm6_NA_at_1000bp_Allstate_local_rescaled.clpy 69 66 1.032423
hic_contacts_WD_SUMOnub_merge_all_dm6_NA_at_1000bp_Allstate_local_rescaled.clpy 69 67 1.097527
hic_contacts_WD_SUMOnub_merge_all_dm6_NA_at_1000bp_Allstate_local_rescaled.clpy 69 68 0.000000
hic_contacts_WD_SUMOnub_merge_all_dm6_NA_at_1000bp_Allstate_local_rescaled.clpy 69 69 0.000000
