hic_contacts_WD_SUMOnub_merge_all_dm6_NA_at_1000bp_Nullstate_local_rescaled.clpy 28 28 0.000000
hic_contacts_WD_SUMOnub_merge_all_dm6_NA_at_1000bp_Nullstate_local_rescaled.clpy 28 29 0.000000
hic_contacts_WD_SUMOnub_merge_all_dm6_NA_at_1000bp_Nullstate_local_rescaled.clpy 28 30 1.034327
hic_contacts_WD_SUMOnub_merge_all_dm6_NA_at_1000bp_Nullstate_local_rescaled.clpy 28 31 1.068048
hic_contacts_WD_SUMOnub_merge_all_dm6_NA_at_1000bp_Nullstate_local_rescaled.clpy 28 32 1.060043
hic_contacts_WD_SUMOnub_merge_all_dm6_NA_at_1000bp_Nullstate_local_rescaled.clpy 28 33 0.919545
hic_contacts_WD_SUMOnub_merge_all_dm6_NA_at_1000bp_Nullstate_local_rescaled.clpy 28 34 0.846158
hic_contacts_WD_SUMOnub_merge_all_dm6_NA_at_1000bp_Nullstate_local_rescaled.clpy 28 35 0.827008
hic_contacts_WD_SUMOnub_merge_all_dm6_NA_at_1000bp_Nullstate_local_rescaled.clpy 28 36 0.850913
hic_contacts_WD_SUMOnub_merge_all_dm6_NA_at_1000bp_Nullstate_local_rescaled.clpy 28 37 0.837646
hic_contacts_WD_SUMOnub_merge_all_dm6_NA_at_1000bp_Nullstate_local_rescaled.clpy 29 28 0.000000
hic_contacts_WD_SUMOnub_merge_all_dm6_NA_at_1000bp_Nullstate_local_rescaled.clpy 29 29 0.000000
hic_contacts_WD_SUMOnub_merge_all_dm6_NA_at_1000bp_Nullstate_local_rescaled.clpy 29 30 0.000000
hic_contacts_WD_SUMOnub_merge_all_dm6_NA_at_1000bp_Nullstate_local_rescaled.clpy 29 31 1.070701
hic_contacts_WD_SUMOnub_merge_all_dm6_NA_at_1000bp_Nullstate_local_rescaled.clpy 29 32 1.072001
hic_contacts_WD_SUMOnub_merge_all_dm6_NA_at_1000bp_Nullstate_local_rescaled.clpy 29 33 0.928024
hic_contacts_WD_SUMOnub_merge_all_dm6_NA_at_1000bp_Nullstate_local_rescaled.clpy 29 34 0.870595
hic_contacts_WD_SUMOnub_merge_all_dm6_NA_at_1000bp_Nullstate_local_rescaled.clpy 29 35 0.834145
hic_contacts_WD_SUMOnub_merge_all_dm6_NA_at_1000bp_Nullstate_local_rescaled.clpy 29 36 0.848044
hic_contacts_WD_SUMOnub_merge_all_dm6_NA_at_1000bp_Nullstate_local_rescaled.clpy 29 37 0.836142
hic_contacts_WD_SUMOnub_merge_all_dm6_NA_at_1000bp_Nullstate_local_rescaled.clpy 30 28 1.034327
hic_contacts_WD_SUMOnub_merge_all_dm6_NA_at_1000bp_Nullstate_local_rescaled.clpy 30 29 0.000000
hic_contacts_WD_SUMOnub_merge_all_dm6_NA_at_1000bp_Nullstate_local_rescaled.clpy 30 30 0.000000
hic_contacts_WD_SUMOnub_merge_all_dm6_NA_at_1000bp_Nullstate_local_rescaled.clpy 30 31 0.000000
hic_contacts_WD_SUMOnub_merge_all_dm6_NA_at_1000bp_Nullstate_local_rescaled.clpy 30 32 1.068264
hic_contacts_WD_SUMOnub_merge_all_dm6_NA_at_1000bp_Nullstate_local_rescaled.clpy 30 33 0.854872
hic_contacts_WD_SUMOnub_merge_all_dm6_NA_at_1000bp_Nullstate_local_rescaled.clpy 30 34 0.862801
hic_contacts_WD_SUMOnub_merge_all_dm6_NA_at_1000bp_Nullstate_local_rescaled.clpy 30 35 0.868809
hic_contacts_WD_SUMOnub_merge_all_dm6_NA_at_1000bp_Nullstate_local_rescaled.clpy 30 36 0.859045
hic_contacts_WD_SUMOnub_merge_all_dm6_NA_at_1000bp_Nullstate_local_rescaled.clpy 30 37 0.850022
hic_contacts_WD_SUMOnub_merge_all_dm6_NA_at_1000bp_Nullstate_local_rescaled.clpy 31 28 1.068048
hic_contacts_WD_SUMOnub_merge_all_dm6_NA_at_1000bp_Nullstate_local_rescaled.clpy 31 29 1.070701
hic_contacts_WD_SUMOnub_merge_all_dm6_NA_at_1000bp_Nullstate_local_rescaled.clpy 31 30 0.000000
hic_contacts_WD_SUMOnub_merge_all_dm6_NA_at_1000bp_Nullstate_local_rescaled.clpy 31 31 0.000000
hic_contacts_WD_SUMOnub_merge_all_dm6_NA_at_1000bp_Nullstate_local_rescaled.clpy 31 32 0.000000
hic_contacts_WD_SUMOnub_merge_all_dm6_NA_at_1000bp_Nullstate_local_rescaled.clpy 31 33 0.884946
hic_contacts_WD_SUMOnub_merge_all_dm6_NA_at_1000bp_Nullstate_local_rescaled.clpy 31 34 0.880462
hic_contacts_WD_SUMOnub_merge_all_dm6_NA_at_1000bp_Nullstate_local_rescaled.clpy 31 35 0.876567
hic_contacts_WD_SUMOnub_merge_all_dm6_NA_at_1000bp_Nullstate_local_rescaled.clpy 31 36 0.872485
hic_contacts_WD_SUMOnub_merge_all_dm6_NA_at_1000bp_Nullstate_local_rescaled.clpy 31 37 0.862954
hic_contacts_WD_SUMOnub_merge_all_dm6_NA_at_1000bp_Nullstate_local_rescaled.clpy 32 28 1.060043
hic_contacts_WD_SUMOnub_merge_all_dm6_NA_at_1000bp_Nullstate_local_rescaled.clpy 32 29 1.072001
hic_contacts_WD_SUMOnub_merge_all_dm6_NA_at_1000bp_Nullstate_local_rescaled.clpy 32 30 1.068264
hic_contacts_WD_SUMOnub_merge_all_dm6_NA_at_1000bp_Nullstate_local_rescaled.clpy 32 31 0.000000
hic_contacts_WD_SUMOnub_merge_all_dm6_NA_at_1000bp_Nullstate_local_rescaled.clpy 32 32 0.000000
hic_contacts_WD_SUMOnub_merge_all_dm6_NA_at_1000bp_Nullstate_local_rescaled.clpy 32 33 0.000000
hic_contacts_WD_SUMOnub_merge_all_dm6_NA_at_1000bp_Nullstate_local_rescaled.clpy 32 34 0.847488
hic_contacts_WD_SUMOnub_merge_all_dm6_NA_at_1000bp_Nullstate_local_rescaled.clpy 32 35 0.877759
hic_contacts_WD_SUMOnub_merge_all_dm6_NA_at_1000bp_Nullstate_local_rescaled.clpy 32 36 0.892957
hic_contacts_WD_SUMOnub_merge_all_dm6_NA_at_1000bp_Nullstate_local_rescaled.clpy 32 37 0.872270
hic_contacts_WD_SUMOnub_merge_all_dm6_NA_at_1000bp_Nullstate_local_rescaled.clpy 33 28 0.919545
hic_contacts_WD_SUMOnub_merge_all_dm6_NA_at_1000bp_Nullstate_local_rescaled.clpy 33 29 0.928024
hic_contacts_WD_SUMOnub_merge_all_dm6_NA_at_1000bp_Nullstate_local_rescaled.clpy 33 30 0.854872
hic_contacts_WD_SUMOnub_merge_all_dm6_NA_at_1000bp_Nullstate_local_rescaled.clpy 33 31 0.884946
hic_contacts_WD_SUMOnub_merge_all_dm6_NA_at_1000bp_Nullstate_local_rescaled.clpy 33 32 0.000000
hic_contacts_WD_SUMOnub_merge_all_dm6_NA_at_1000bp_Nullstate_local_rescaled.clpy 33 33 0.000000
hic_contacts_WD_SUMOnub_merge_all_dm6_NA_at_1000bp_Nullstate_local_rescaled.clpy 33 34 0.000000
hic_contacts_WD_SUMOnub_merge_all_dm6_NA_at_1000bp_Nullstate_local_rescaled.clpy 33 35 1.025875
hic_contacts_WD_SUMOnub_merge_all_dm6_NA_at_1000bp_Nullstate_local_rescaled.clpy 33 36 0.993962
hic_contacts_WD_SUMOnub_merge_all_dm6_NA_at_1000bp_Nullstate_local_rescaled.clpy 33 37 0.984825
hic_contacts_WD_SUMOnub_merge_all_dm6_NA_at_1000bp_Nullstate_local_rescaled.clpy 34 28 0.846158
hic_contacts_WD_SUMOnub_merge_all_dm6_NA_at_1000bp_Nullstate_local_rescaled.clpy 34 29 0.870595
hic_contacts_WD_SUMOnub_merge_all_dm6_NA_at_1000bp_Nullstate_local_rescaled.clpy 34 30 0.862801
hic_contacts_WD_SUMOnub_merge_all_dm6_NA_at_1000bp_Nullstate_local_rescaled.clpy 34 31 0.880462
hic_contacts_WD_SUMOnub_merge_all_dm6_NA_at_1000bp_Nullstate_local_rescaled.clpy 34 32 0.847488
hic_contacts_WD_SUMOnub_merge_all_dm6_NA_at_1000bp_Nullstate_local_rescaled.clpy 34 33 0.000000
hic_contacts_WD_SUMOnub_merge_all_dm6_NA_at_1000bp_Nullstate_local_rescaled.clpy 34 34 0.000000
hic_contacts_WD_SUMOnub_merge_all_dm6_NA_at_1000bp_Nullstate_local_rescaled.clpy 34 35 0.000000
hic_contacts_WD_SUMOnub_merge_all_dm6_NA_at_1000bp_Nullstate_local_rescaled.clpy 34 36 1.000645
hic_contacts_WD_SUMOnub_merge_all_dm6_NA_at_1000bp_Nullstate_local_rescaled.clpy 34 37 0.995519
hic_contacts_WD_SUMOnub_merge_all_dm6_NA_at_1000bp_Nullstate_local_rescaled.clpy 35 28 0.827008
hic_contacts_WD_SUMOnub_merge_all_dm6_NA_at_1000bp_Nullstate_local_rescaled.clpy 35 29 0.834145
hic_contacts_WD_SUMOnub_merge_all_dm6_NA_at_1000bp_Nullstate_local_rescaled.clpy 35 30 0.868809
hic_contacts_WD_SUMOnub_merge_all_dm6_NA_at_1000bp_Nullstate_local_rescaled.clpy 35 31 0.876567
hic_contacts_WD_SUMOnub_merge_all_dm6_NA_at_1000bp_Nullstate_local_rescaled.clpy 35 32 0.877759
hic_contacts_WD_SUMOnub_merge_all_dm6_NA_at_1000bp_Nullstate_local_rescaled.clpy 35 33 1.025875
hic_contacts_WD_SUMOnub_merge_all_dm6_NA_at_1000bp_Nullstate_local_rescaled.clpy 35 34 0.000000
hic_contacts_WD_SUMOnub_merge_all_dm6_NA_at_1000bp_Nullstate_local_rescaled.clpy 35 35 0.000000
hic_contacts_WD_SUMOnub_merge_all_dm6_NA_at_1000bp_Nullstate_local_rescaled.clpy 35 36 0.000000
hic_contacts_WD_SUMOnub_merge_all_dm6_NA_at_1000bp_Nullstate_local_rescaled.clpy 35 37 0.982886
hic_contacts_WD_SUMOnub_merge_all_dm6_NA_at_1000bp_Nullstate_local_rescaled.clpy 36 28 0.850913
hic_contacts_WD_SUMOnub_merge_all_dm6_NA_at_1000bp_Nullstate_local_rescaled.clpy 36 29 0.848044
hic_contacts_WD_SUMOnub_merge_all_dm6_NA_at_1000bp_Nullstate_local_rescaled.clpy 36 30 0.859045
hic_contacts_WD_SUMOnub_merge_all_dm6_NA_at_1000bp_Nullstate_local_rescaled.clpy 36 31 0.872485
hic_contacts_WD_SUMOnub_merge_all_dm6_NA_at_1000bp_Nullstate_local_rescaled.clpy 36 32 0.892957
hic_contacts_WD_SUMOnub_merge_all_dm6_NA_at_1000bp_Nullstate_local_rescaled.clpy 36 33 0.993962
hic_contacts_WD_SUMOnub_merge_all_dm6_NA_at_1000bp_Nullstate_local_rescaled.clpy 36 34 1.000645
hic_contacts_WD_SUMOnub_merge_all_dm6_NA_at_1000bp_Nullstate_local_rescaled.clpy 36 35 0.000000
hic_contacts_WD_SUMOnub_merge_all_dm6_NA_at_1000bp_Nullstate_local_rescaled.clpy 36 36 0.000000
hic_contacts_WD_SUMOnub_merge_all_dm6_NA_at_1000bp_Nullstate_local_rescaled.clpy 36 37 0.000000
hic_contacts_WD_SUMOnub_merge_all_dm6_NA_at_1000bp_Nullstate_local_rescaled.clpy 37 28 0.837646
hic_contacts_WD_SUMOnub_merge_all_dm6_NA_at_1000bp_Nullstate_local_rescaled.clpy 37 29 0.836142
hic_contacts_WD_SUMOnub_merge_all_dm6_NA_at_1000bp_Nullstate_local_rescaled.clpy 37 30 0.850022
hic_contacts_WD_SUMOnub_merge_all_dm6_NA_at_1000bp_Nullstate_local_rescaled.clpy 37 31 0.862954
hic_contacts_WD_SUMOnub_merge_all_dm6_NA_at_1000bp_Nullstate_local_rescaled.clpy 37 32 0.872270
hic_contacts_WD_SUMOnub_merge_all_dm6_NA_at_1000bp_Nullstate_local_rescaled.clpy 37 33 0.984825
hic_contacts_WD_SUMOnub_merge_all_dm6_NA_at_1000bp_Nullstate_local_rescaled.clpy 37 34 0.995519
hic_contacts_WD_SUMOnub_merge_all_dm6_NA_at_1000bp_Nullstate_local_rescaled.clpy 37 35 0.982886
hic_contacts_WD_SUMOnub_merge_all_dm6_NA_at_1000bp_Nullstate_local_rescaled.clpy 37 36 0.000000
hic_contacts_WD_SUMOnub_merge_all_dm6_NA_at_1000bp_Nullstate_local_rescaled.clpy 37 37 0.000000
