hic_contacts_WD_NOnub_merge_all_dm6_NA_at_1000bp_Allstate_local_rescaled.clpy 28 28 0.000000
hic_contacts_WD_NOnub_merge_all_dm6_NA_at_1000bp_Allstate_local_rescaled.clpy 28 29 0.000000
hic_contacts_WD_NOnub_merge_all_dm6_NA_at_1000bp_Allstate_local_rescaled.clpy 28 30 1.074638
hic_contacts_WD_NOnub_merge_all_dm6_NA_at_1000bp_Allstate_local_rescaled.clpy 28 31 1.142862
hic_contacts_WD_NOnub_merge_all_dm6_NA_at_1000bp_Allstate_local_rescaled.clpy 28 32 1.154792
hic_contacts_WD_NOnub_merge_all_dm6_NA_at_1000bp_Allstate_local_rescaled.clpy 28 33 0.977440
hic_contacts_WD_NOnub_merge_all_dm6_NA_at_1000bp_Allstate_local_rescaled.clpy 28 34 0.866829
hic_contacts_WD_NOnub_merge_all_dm6_NA_at_1000bp_Allstate_local_rescaled.clpy 28 35 0.844246
hic_contacts_WD_NOnub_merge_all_dm6_NA_at_1000bp_Allstate_local_rescaled.clpy 28 36 0.847246
hic_contacts_WD_NOnub_merge_all_dm6_NA_at_1000bp_Allstate_local_rescaled.clpy 28 37 0.827269
hic_contacts_WD_NOnub_merge_all_dm6_NA_at_1000bp_Allstate_local_rescaled.clpy 29 28 0.000000
hic_contacts_WD_NOnub_merge_all_dm6_NA_at_1000bp_Allstate_local_rescaled.clpy 29 29 0.000000
hic_contacts_WD_NOnub_merge_all_dm6_NA_at_1000bp_Allstate_local_rescaled.clpy 29 30 0.000000
hic_contacts_WD_NOnub_merge_all_dm6_NA_at_1000bp_Allstate_local_rescaled.clpy 29 31 1.108773
hic_contacts_WD_NOnub_merge_all_dm6_NA_at_1000bp_Allstate_local_rescaled.clpy 29 32 1.167796
hic_contacts_WD_NOnub_merge_all_dm6_NA_at_1000bp_Allstate_local_rescaled.clpy 29 33 0.971152
hic_contacts_WD_NOnub_merge_all_dm6_NA_at_1000bp_Allstate_local_rescaled.clpy 29 34 0.875591
hic_contacts_WD_NOnub_merge_all_dm6_NA_at_1000bp_Allstate_local_rescaled.clpy 29 35 0.859311
hic_contacts_WD_NOnub_merge_all_dm6_NA_at_1000bp_Allstate_local_rescaled.clpy 29 36 0.854715
hic_contacts_WD_NOnub_merge_all_dm6_NA_at_1000bp_Allstate_local_rescaled.clpy 29 37 0.835743
hic_contacts_WD_NOnub_merge_all_dm6_NA_at_1000bp_Allstate_local_rescaled.clpy 30 28 1.074638
hic_contacts_WD_NOnub_merge_all_dm6_NA_at_1000bp_Allstate_local_rescaled.clpy 30 29 0.000000
hic_contacts_WD_NOnub_merge_all_dm6_NA_at_1000bp_Allstate_local_rescaled.clpy 30 30 0.000000
hic_contacts_WD_NOnub_merge_all_dm6_NA_at_1000bp_Allstate_local_rescaled.clpy 30 31 0.000000
hic_contacts_WD_NOnub_merge_all_dm6_NA_at_1000bp_Allstate_local_rescaled.clpy 30 32 1.132165
hic_contacts_WD_NOnub_merge_all_dm6_NA_at_1000bp_Allstate_local_rescaled.clpy 30 33 0.948346
hic_contacts_WD_NOnub_merge_all_dm6_NA_at_1000bp_Allstate_local_rescaled.clpy 30 34 0.882207
hic_contacts_WD_NOnub_merge_all_dm6_NA_at_1000bp_Allstate_local_rescaled.clpy 30 35 0.881133
hic_contacts_WD_NOnub_merge_all_dm6_NA_at_1000bp_Allstate_local_rescaled.clpy 30 36 0.862809
hic_contacts_WD_NOnub_merge_all_dm6_NA_at_1000bp_Allstate_local_rescaled.clpy 30 37 0.864376
hic_contacts_WD_NOnub_merge_all_dm6_NA_at_1000bp_Allstate_local_rescaled.clpy 31 28 1.142862
hic_contacts_WD_NOnub_merge_all_dm6_NA_at_1000bp_Allstate_local_rescaled.clpy 31 29 1.108773
hic_contacts_WD_NOnub_merge_all_dm6_NA_at_1000bp_Allstate_local_rescaled.clpy 31 30 0.000000
hic_contacts_WD_NOnub_merge_all_dm6_NA_at_1000bp_Allstate_local_rescaled.clpy 31 31 0.000000
hic_contacts_WD_NOnub_merge_all_dm6_NA_at_1000bp_Allstate_local_rescaled.clpy 31 32 0.000000
hic_contacts_WD_NOnub_merge_all_dm6_NA_at_1000bp_Allstate_local_rescaled.clpy 31 33 0.861543
hic_contacts_WD_NOnub_merge_all_dm6_NA_at_1000bp_Allstate_local_rescaled.clpy 31 34 0.872837
hic_contacts_WD_NOnub_merge_all_dm6_NA_at_1000bp_Allstate_local_rescaled.clpy 31 35 0.879590
hic_contacts_WD_NOnub_merge_all_dm6_NA_at_1000bp_Allstate_local_rescaled.clpy 31 36 0.866750
hic_contacts_WD_NOnub_merge_all_dm6_NA_at_1000bp_Allstate_local_rescaled.clpy 31 37 0.856928
hic_contacts_WD_NOnub_merge_all_dm6_NA_at_1000bp_Allstate_local_rescaled.clpy 32 28 1.154792
hic_contacts_WD_NOnub_merge_all_dm6_NA_at_1000bp_Allstate_local_rescaled.clpy 32 29 1.167796
hic_contacts_WD_NOnub_merge_all_dm6_NA_at_1000bp_Allstate_local_rescaled.clpy 32 30 1.132165
hic_contacts_WD_NOnub_merge_all_dm6_NA_at_1000bp_Allstate_local_rescaled.clpy 32 31 0.000000
hic_contacts_WD_NOnub_merge_all_dm6_NA_at_1000bp_Allstate_local_rescaled.clpy 32 32 0.000000
hic_contacts_WD_NOnub_merge_all_dm6_NA_at_1000bp_Allstate_local_rescaled.clpy 32 33 0.000000
hic_contacts_WD_NOnub_merge_all_dm6_NA_at_1000bp_Allstate_local_rescaled.clpy 32 34 0.805190
hic_contacts_WD_NOnub_merge_all_dm6_NA_at_1000bp_Allstate_local_rescaled.clpy 32 35 0.870143
hic_contacts_WD_NOnub_merge_all_dm6_NA_at_1000bp_Allstate_local_rescaled.clpy 32 36 0.861680
hic_contacts_WD_NOnub_merge_all_dm6_NA_at_1000bp_Allstate_local_rescaled.clpy 32 37 0.865639
hic_contacts_WD_NOnub_merge_all_dm6_NA_at_1000bp_Allstate_local_rescaled.clpy 33 28 0.977440
hic_contacts_WD_NOnub_merge_all_dm6_NA_at_1000bp_Allstate_local_rescaled.clpy 33 29 0.971152
hic_contacts_WD_NOnub_merge_all_dm6_NA_at_1000bp_Allstate_local_rescaled.clpy 33 30 0.948346
hic_contacts_WD_NOnub_merge_all_dm6_NA_at_1000bp_Allstate_local_rescaled.clpy 33 31 0.861543
hic_contacts_WD_NOnub_merge_all_dm6_NA_at_1000bp_Allstate_local_rescaled.clpy 33 32 0.000000
hic_contacts_WD_NOnub_merge_all_dm6_NA_at_1000bp_Allstate_local_rescaled.clpy 33 33 0.000000
hic_contacts_WD_NOnub_merge_all_dm6_NA_at_1000bp_Allstate_local_rescaled.clpy 33 34 0.000000
hic_contacts_WD_NOnub_merge_all_dm6_NA_at_1000bp_Allstate_local_rescaled.clpy 33 35 1.035333
hic_contacts_WD_NOnub_merge_all_dm6_NA_at_1000bp_Allstate_local_rescaled.clpy 33 36 1.007222
hic_contacts_WD_NOnub_merge_all_dm6_NA_at_1000bp_Allstate_local_rescaled.clpy 33 37 0.997636
hic_contacts_WD_NOnub_merge_all_dm6_NA_at_1000bp_Allstate_local_rescaled.clpy 34 28 0.866829
hic_contacts_WD_NOnub_merge_all_dm6_NA_at_1000bp_Allstate_local_rescaled.clpy 34 29 0.875591
hic_contacts_WD_NOnub_merge_all_dm6_NA_at_1000bp_Allstate_local_rescaled.clpy 34 30 0.882207
hic_contacts_WD_NOnub_merge_all_dm6_NA_at_1000bp_Allstate_local_rescaled.clpy 34 31 0.872837
hic_contacts_WD_NOnub_merge_all_dm6_NA_at_1000bp_Allstate_local_rescaled.clpy 34 32 0.805190
hic_contacts_WD_NOnub_merge_all_dm6_NA_at_1000bp_Allstate_local_rescaled.clpy 34 33 0.000000
hic_contacts_WD_NOnub_merge_all_dm6_NA_at_1000bp_Allstate_local_rescaled.clpy 34 34 0.000000
hic_contacts_WD_NOnub_merge_all_dm6_NA_at_1000bp_Allstate_local_rescaled.clpy 34 35 0.000000
hic_contacts_WD_NOnub_merge_all_dm6_NA_at_1000bp_Allstate_local_rescaled.clpy 34 36 1.065386
hic_contacts_WD_NOnub_merge_all_dm6_NA_at_1000bp_Allstate_local_rescaled.clpy 34 37 1.094483
hic_contacts_WD_NOnub_merge_all_dm6_NA_at_1000bp_Allstate_local_rescaled.clpy 35 28 0.844246
hic_contacts_WD_NOnub_merge_all_dm6_NA_at_1000bp_Allstate_local_rescaled.clpy 35 29 0.859311
hic_contacts_WD_NOnub_merge_all_dm6_NA_at_1000bp_Allstate_local_rescaled.clpy 35 30 0.881133
hic_contacts_WD_NOnub_merge_all_dm6_NA_at_1000bp_Allstate_local_rescaled.clpy 35 31 0.879590
hic_contacts_WD_NOnub_merge_all_dm6_NA_at_1000bp_Allstate_local_rescaled.clpy 35 32 0.870143
hic_contacts_WD_NOnub_merge_all_dm6_NA_at_1000bp_Allstate_local_rescaled.clpy 35 33 1.035333
hic_contacts_WD_NOnub_merge_all_dm6_NA_at_1000bp_Allstate_local_rescaled.clpy 35 34 0.000000
hic_contacts_WD_NOnub_merge_all_dm6_NA_at_1000bp_Allstate_local_rescaled.clpy 35 35 0.000000
hic_contacts_WD_NOnub_merge_all_dm6_NA_at_1000bp_Allstate_local_rescaled.clpy 35 36 0.000000
hic_contacts_WD_NOnub_merge_all_dm6_NA_at_1000bp_Allstate_local_rescaled.clpy 35 37 1.040541
hic_contacts_WD_NOnub_merge_all_dm6_NA_at_1000bp_Allstate_local_rescaled.clpy 36 28 0.847246
hic_contacts_WD_NOnub_merge_all_dm6_NA_at_1000bp_Allstate_local_rescaled.clpy 36 29 0.854715
hic_contacts_WD_NOnub_merge_all_dm6_NA_at_1000bp_Allstate_local_rescaled.clpy 36 30 0.862809
hic_contacts_WD_NOnub_merge_all_dm6_NA_at_1000bp_Allstate_local_rescaled.clpy 36 31 0.866750
hic_contacts_WD_NOnub_merge_all_dm6_NA_at_1000bp_Allstate_local_rescaled.clpy 36 32 0.861680
hic_contacts_WD_NOnub_merge_all_dm6_NA_at_1000bp_Allstate_local_rescaled.clpy 36 33 1.007222
hic_contacts_WD_NOnub_merge_all_dm6_NA_at_1000bp_Allstate_local_rescaled.clpy 36 34 1.065386
hic_contacts_WD_NOnub_merge_all_dm6_NA_at_1000bp_Allstate_local_rescaled.clpy 36 35 0.000000
hic_contacts_WD_NOnub_merge_all_dm6_NA_at_1000bp_Allstate_local_rescaled.clpy 36 36 0.000000
hic_contacts_WD_NOnub_merge_all_dm6_NA_at_1000bp_Allstate_local_rescaled.clpy 36 37 0.000000
hic_contacts_WD_NOnub_merge_all_dm6_NA_at_1000bp_Allstate_local_rescaled.clpy 37 28 0.827269
hic_contacts_WD_NOnub_merge_all_dm6_NA_at_1000bp_Allstate_local_rescaled.clpy 37 29 0.835743
hic_contacts_WD_NOnub_merge_all_dm6_NA_at_1000bp_Allstate_local_rescaled.clpy 37 30 0.864376
hic_contacts_WD_NOnub_merge_all_dm6_NA_at_1000bp_Allstate_local_rescaled.clpy 37 31 0.856928
hic_contacts_WD_NOnub_merge_all_dm6_NA_at_1000bp_Allstate_local_rescaled.clpy 37 32 0.865639
hic_contacts_WD_NOnub_merge_all_dm6_NA_at_1000bp_Allstate_local_rescaled.clpy 37 33 0.997636
hic_contacts_WD_NOnub_merge_all_dm6_NA_at_1000bp_Allstate_local_rescaled.clpy 37 34 1.094483
hic_contacts_WD_NOnub_merge_all_dm6_NA_at_1000bp_Allstate_local_rescaled.clpy 37 35 1.040541
hic_contacts_WD_NOnub_merge_all_dm6_NA_at_1000bp_Allstate_local_rescaled.clpy 37 36 0.000000
hic_contacts_WD_NOnub_merge_all_dm6_NA_at_1000bp_Allstate_local_rescaled.clpy 37 37 0.000000
