hic_contacts_WD_SUMOnub_merge_all_dm6_NA_at_1000bp_PcGstate_local_rescaled.clpy 28 28 nan
hic_contacts_WD_SUMOnub_merge_all_dm6_NA_at_1000bp_PcGstate_local_rescaled.clpy 28 29 nan
hic_contacts_WD_SUMOnub_merge_all_dm6_NA_at_1000bp_PcGstate_local_rescaled.clpy 28 30 1.103072
hic_contacts_WD_SUMOnub_merge_all_dm6_NA_at_1000bp_PcGstate_local_rescaled.clpy 28 31 1.093347
hic_contacts_WD_SUMOnub_merge_all_dm6_NA_at_1000bp_PcGstate_local_rescaled.clpy 28 32 1.022609
hic_contacts_WD_SUMOnub_merge_all_dm6_NA_at_1000bp_PcGstate_local_rescaled.clpy 28 33 0.880207
hic_contacts_WD_SUMOnub_merge_all_dm6_NA_at_1000bp_PcGstate_local_rescaled.clpy 28 34 0.833459
hic_contacts_WD_SUMOnub_merge_all_dm6_NA_at_1000bp_PcGstate_local_rescaled.clpy 28 35 0.809729
hic_contacts_WD_SUMOnub_merge_all_dm6_NA_at_1000bp_PcGstate_local_rescaled.clpy 28 36 0.832763
hic_contacts_WD_SUMOnub_merge_all_dm6_NA_at_1000bp_PcGstate_local_rescaled.clpy 28 37 0.786580
hic_contacts_WD_SUMOnub_merge_all_dm6_NA_at_1000bp_PcGstate_local_rescaled.clpy 29 28 nan
hic_contacts_WD_SUMOnub_merge_all_dm6_NA_at_1000bp_PcGstate_local_rescaled.clpy 29 29 nan
hic_contacts_WD_SUMOnub_merge_all_dm6_NA_at_1000bp_PcGstate_local_rescaled.clpy 29 30 nan
hic_contacts_WD_SUMOnub_merge_all_dm6_NA_at_1000bp_PcGstate_local_rescaled.clpy 29 31 1.155361
hic_contacts_WD_SUMOnub_merge_all_dm6_NA_at_1000bp_PcGstate_local_rescaled.clpy 29 32 1.103664
hic_contacts_WD_SUMOnub_merge_all_dm6_NA_at_1000bp_PcGstate_local_rescaled.clpy 29 33 0.885144
hic_contacts_WD_SUMOnub_merge_all_dm6_NA_at_1000bp_PcGstate_local_rescaled.clpy 29 34 0.827562
hic_contacts_WD_SUMOnub_merge_all_dm6_NA_at_1000bp_PcGstate_local_rescaled.clpy 29 35 0.835574
hic_contacts_WD_SUMOnub_merge_all_dm6_NA_at_1000bp_PcGstate_local_rescaled.clpy 29 36 0.862683
hic_contacts_WD_SUMOnub_merge_all_dm6_NA_at_1000bp_PcGstate_local_rescaled.clpy 29 37 0.796685
hic_contacts_WD_SUMOnub_merge_all_dm6_NA_at_1000bp_PcGstate_local_rescaled.clpy 30 28 1.103072
hic_contacts_WD_SUMOnub_merge_all_dm6_NA_at_1000bp_PcGstate_local_rescaled.clpy 30 29 nan
hic_contacts_WD_SUMOnub_merge_all_dm6_NA_at_1000bp_PcGstate_local_rescaled.clpy 30 30 nan
hic_contacts_WD_SUMOnub_merge_all_dm6_NA_at_1000bp_PcGstate_local_rescaled.clpy 30 31 nan
hic_contacts_WD_SUMOnub_merge_all_dm6_NA_at_1000bp_PcGstate_local_rescaled.clpy 30 32 1.077532
hic_contacts_WD_SUMOnub_merge_all_dm6_NA_at_1000bp_PcGstate_local_rescaled.clpy 30 33 0.928468
hic_contacts_WD_SUMOnub_merge_all_dm6_NA_at_1000bp_PcGstate_local_rescaled.clpy 30 34 0.872878
hic_contacts_WD_SUMOnub_merge_all_dm6_NA_at_1000bp_PcGstate_local_rescaled.clpy 30 35 0.868349
hic_contacts_WD_SUMOnub_merge_all_dm6_NA_at_1000bp_PcGstate_local_rescaled.clpy 30 36 0.859598
hic_contacts_WD_SUMOnub_merge_all_dm6_NA_at_1000bp_PcGstate_local_rescaled.clpy 30 37 0.828539
hic_contacts_WD_SUMOnub_merge_all_dm6_NA_at_1000bp_PcGstate_local_rescaled.clpy 31 28 1.093347
hic_contacts_WD_SUMOnub_merge_all_dm6_NA_at_1000bp_PcGstate_local_rescaled.clpy 31 29 1.155361
hic_contacts_WD_SUMOnub_merge_all_dm6_NA_at_1000bp_PcGstate_local_rescaled.clpy 31 30 nan
hic_contacts_WD_SUMOnub_merge_all_dm6_NA_at_1000bp_PcGstate_local_rescaled.clpy 31 31 nan
hic_contacts_WD_SUMOnub_merge_all_dm6_NA_at_1000bp_PcGstate_local_rescaled.clpy 31 32 nan
hic_contacts_WD_SUMOnub_merge_all_dm6_NA_at_1000bp_PcGstate_local_rescaled.clpy 31 33 0.854459
hic_contacts_WD_SUMOnub_merge_all_dm6_NA_at_1000bp_PcGstate_local_rescaled.clpy 31 34 0.862352
hic_contacts_WD_SUMOnub_merge_all_dm6_NA_at_1000bp_PcGstate_local_rescaled.clpy 31 35 0.883087
hic_contacts_WD_SUMOnub_merge_all_dm6_NA_at_1000bp_PcGstate_local_rescaled.clpy 31 36 0.860688
hic_contacts_WD_SUMOnub_merge_all_dm6_NA_at_1000bp_PcGstate_local_rescaled.clpy 31 37 0.853436
hic_contacts_WD_SUMOnub_merge_all_dm6_NA_at_1000bp_PcGstate_local_rescaled.clpy 32 28 1.022609
hic_contacts_WD_SUMOnub_merge_all_dm6_NA_at_1000bp_PcGstate_local_rescaled.clpy 32 29 1.103664
hic_contacts_WD_SUMOnub_merge_all_dm6_NA_at_1000bp_PcGstate_local_rescaled.clpy 32 30 1.077532
hic_contacts_WD_SUMOnub_merge_all_dm6_NA_at_1000bp_PcGstate_local_rescaled.clpy 32 31 nan
hic_contacts_WD_SUMOnub_merge_all_dm6_NA_at_1000bp_PcGstate_local_rescaled.clpy 32 32 nan
hic_contacts_WD_SUMOnub_merge_all_dm6_NA_at_1000bp_PcGstate_local_rescaled.clpy 32 33 nan
hic_contacts_WD_SUMOnub_merge_all_dm6_NA_at_1000bp_PcGstate_local_rescaled.clpy 32 34 0.819554
hic_contacts_WD_SUMOnub_merge_all_dm6_NA_at_1000bp_PcGstate_local_rescaled.clpy 32 35 0.915300
hic_contacts_WD_SUMOnub_merge_all_dm6_NA_at_1000bp_PcGstate_local_rescaled.clpy 32 36 0.859064
hic_contacts_WD_SUMOnub_merge_all_dm6_NA_at_1000bp_PcGstate_local_rescaled.clpy 32 37 0.851478
hic_contacts_WD_SUMOnub_merge_all_dm6_NA_at_1000bp_PcGstate_local_rescaled.clpy 33 28 0.880207
hic_contacts_WD_SUMOnub_merge_all_dm6_NA_at_1000bp_PcGstate_local_rescaled.clpy 33 29 0.885144
hic_contacts_WD_SUMOnub_merge_all_dm6_NA_at_1000bp_PcGstate_local_rescaled.clpy 33 30 0.928468
hic_contacts_WD_SUMOnub_merge_all_dm6_NA_at_1000bp_PcGstate_local_rescaled.clpy 33 31 0.854459
hic_contacts_WD_SUMOnub_merge_all_dm6_NA_at_1000bp_PcGstate_local_rescaled.clpy 33 32 nan
hic_contacts_WD_SUMOnub_merge_all_dm6_NA_at_1000bp_PcGstate_local_rescaled.clpy 33 33 nan
hic_contacts_WD_SUMOnub_merge_all_dm6_NA_at_1000bp_PcGstate_local_rescaled.clpy 33 34 nan
hic_contacts_WD_SUMOnub_merge_all_dm6_NA_at_1000bp_PcGstate_local_rescaled.clpy 33 35 1.075199
hic_contacts_WD_SUMOnub_merge_all_dm6_NA_at_1000bp_PcGstate_local_rescaled.clpy 33 36 0.996147
hic_contacts_WD_SUMOnub_merge_all_dm6_NA_at_1000bp_PcGstate_local_rescaled.clpy 33 37 1.000248
hic_contacts_WD_SUMOnub_merge_all_dm6_NA_at_1000bp_PcGstate_local_rescaled.clpy 34 28 0.833459
hic_contacts_WD_SUMOnub_merge_all_dm6_NA_at_1000bp_PcGstate_local_rescaled.clpy 34 29 0.827562
hic_contacts_WD_SUMOnub_merge_all_dm6_NA_at_1000bp_PcGstate_local_rescaled.clpy 34 30 0.872878
hic_contacts_WD_SUMOnub_merge_all_dm6_NA_at_1000bp_PcGstate_local_rescaled.clpy 34 31 0.862352
hic_contacts_WD_SUMOnub_merge_all_dm6_NA_at_1000bp_PcGstate_local_rescaled.clpy 34 32 0.819554
hic_contacts_WD_SUMOnub_merge_all_dm6_NA_at_1000bp_PcGstate_local_rescaled.clpy 34 33 nan
hic_contacts_WD_SUMOnub_merge_all_dm6_NA_at_1000bp_PcGstate_local_rescaled.clpy 34 34 nan
hic_contacts_WD_SUMOnub_merge_all_dm6_NA_at_1000bp_PcGstate_local_rescaled.clpy 34 35 nan
hic_contacts_WD_SUMOnub_merge_all_dm6_NA_at_1000bp_PcGstate_local_rescaled.clpy 34 36 1.019418
hic_contacts_WD_SUMOnub_merge_all_dm6_NA_at_1000bp_PcGstate_local_rescaled.clpy 34 37 1.060426
hic_contacts_WD_SUMOnub_merge_all_dm6_NA_at_1000bp_PcGstate_local_rescaled.clpy 35 28 0.809729
hic_contacts_WD_SUMOnub_merge_all_dm6_NA_at_1000bp_PcGstate_local_rescaled.clpy 35 29 0.835574
hic_contacts_WD_SUMOnub_merge_all_dm6_NA_at_1000bp_PcGstate_local_rescaled.clpy 35 30 0.868349
hic_contacts_WD_SUMOnub_merge_all_dm6_NA_at_1000bp_PcGstate_local_rescaled.clpy 35 31 0.883087
hic_contacts_WD_SUMOnub_merge_all_dm6_NA_at_1000bp_PcGstate_local_rescaled.clpy 35 32 0.915300
hic_contacts_WD_SUMOnub_merge_all_dm6_NA_at_1000bp_PcGstate_local_rescaled.clpy 35 33 1.075199
hic_contacts_WD_SUMOnub_merge_all_dm6_NA_at_1000bp_PcGstate_local_rescaled.clpy 35 34 nan
hic_contacts_WD_SUMOnub_merge_all_dm6_NA_at_1000bp_PcGstate_local_rescaled.clpy 35 35 nan
hic_contacts_WD_SUMOnub_merge_all_dm6_NA_at_1000bp_PcGstate_local_rescaled.clpy 35 36 nan
hic_contacts_WD_SUMOnub_merge_all_dm6_NA_at_1000bp_PcGstate_local_rescaled.clpy 35 37 1.000845
hic_contacts_WD_SUMOnub_merge_all_dm6_NA_at_1000bp_PcGstate_local_rescaled.clpy 36 28 0.832763
hic_contacts_WD_SUMOnub_merge_all_dm6_NA_at_1000bp_PcGstate_local_rescaled.clpy 36 29 0.862683
hic_contacts_WD_SUMOnub_merge_all_dm6_NA_at_1000bp_PcGstate_local_rescaled.clpy 36 30 0.859598
hic_contacts_WD_SUMOnub_merge_all_dm6_NA_at_1000bp_PcGstate_local_rescaled.clpy 36 31 0.860688
hic_contacts_WD_SUMOnub_merge_all_dm6_NA_at_1000bp_PcGstate_local_rescaled.clpy 36 32 0.859064
hic_contacts_WD_SUMOnub_merge_all_dm6_NA_at_1000bp_PcGstate_local_rescaled.clpy 36 33 0.996147
hic_contacts_WD_SUMOnub_merge_all_dm6_NA_at_1000bp_PcGstate_local_rescaled.clpy 36 34 1.019418
hic_contacts_WD_SUMOnub_merge_all_dm6_NA_at_1000bp_PcGstate_local_rescaled.clpy 36 35 nan
hic_contacts_WD_SUMOnub_merge_all_dm6_NA_at_1000bp_PcGstate_local_rescaled.clpy 36 36 nan
hic_contacts_WD_SUMOnub_merge_all_dm6_NA_at_1000bp_PcGstate_local_rescaled.clpy 36 37 nan
hic_contacts_WD_SUMOnub_merge_all_dm6_NA_at_1000bp_PcGstate_local_rescaled.clpy 37 28 0.786580
hic_contacts_WD_SUMOnub_merge_all_dm6_NA_at_1000bp_PcGstate_local_rescaled.clpy 37 29 0.796685
hic_contacts_WD_SUMOnub_merge_all_dm6_NA_at_1000bp_PcGstate_local_rescaled.clpy 37 30 0.828539
hic_contacts_WD_SUMOnub_merge_all_dm6_NA_at_1000bp_PcGstate_local_rescaled.clpy 37 31 0.853436
hic_contacts_WD_SUMOnub_merge_all_dm6_NA_at_1000bp_PcGstate_local_rescaled.clpy 37 32 0.851478
hic_contacts_WD_SUMOnub_merge_all_dm6_NA_at_1000bp_PcGstate_local_rescaled.clpy 37 33 1.000248
hic_contacts_WD_SUMOnub_merge_all_dm6_NA_at_1000bp_PcGstate_local_rescaled.clpy 37 34 1.060426
hic_contacts_WD_SUMOnub_merge_all_dm6_NA_at_1000bp_PcGstate_local_rescaled.clpy 37 35 1.000845
hic_contacts_WD_SUMOnub_merge_all_dm6_NA_at_1000bp_PcGstate_local_rescaled.clpy 37 36 nan
hic_contacts_WD_SUMOnub_merge_all_dm6_NA_at_1000bp_PcGstate_local_rescaled.clpy 37 37 nan
