hic_contacts_WD_SUMOnub_merge_all_dm6_NA_at_1000bp_Nullstate_local_rescaled.clpy 60 60 0.000000
hic_contacts_WD_SUMOnub_merge_all_dm6_NA_at_1000bp_Nullstate_local_rescaled.clpy 60 61 0.000000
hic_contacts_WD_SUMOnub_merge_all_dm6_NA_at_1000bp_Nullstate_local_rescaled.clpy 60 62 0.911228
hic_contacts_WD_SUMOnub_merge_all_dm6_NA_at_1000bp_Nullstate_local_rescaled.clpy 60 63 0.973931
hic_contacts_WD_SUMOnub_merge_all_dm6_NA_at_1000bp_Nullstate_local_rescaled.clpy 60 64 1.010792
hic_contacts_WD_SUMOnub_merge_all_dm6_NA_at_1000bp_Nullstate_local_rescaled.clpy 60 65 1.031697
hic_contacts_WD_SUMOnub_merge_all_dm6_NA_at_1000bp_Nullstate_local_rescaled.clpy 60 66 0.925398
hic_contacts_WD_SUMOnub_merge_all_dm6_NA_at_1000bp_Nullstate_local_rescaled.clpy 60 67 0.861137
hic_contacts_WD_SUMOnub_merge_all_dm6_NA_at_1000bp_Nullstate_local_rescaled.clpy 60 68 0.856238
hic_contacts_WD_SUMOnub_merge_all_dm6_NA_at_1000bp_Nullstate_local_rescaled.clpy 60 69 0.926287
hic_contacts_WD_SUMOnub_merge_all_dm6_NA_at_1000bp_Nullstate_local_rescaled.clpy 61 60 0.000000
hic_contacts_WD_SUMOnub_merge_all_dm6_NA_at_1000bp_Nullstate_local_rescaled.clpy 61 61 0.000000
hic_contacts_WD_SUMOnub_merge_all_dm6_NA_at_1000bp_Nullstate_local_rescaled.clpy 61 62 0.000000
hic_contacts_WD_SUMOnub_merge_all_dm6_NA_at_1000bp_Nullstate_local_rescaled.clpy 61 63 0.949191
hic_contacts_WD_SUMOnub_merge_all_dm6_NA_at_1000bp_Nullstate_local_rescaled.clpy 61 64 1.009853
hic_contacts_WD_SUMOnub_merge_all_dm6_NA_at_1000bp_Nullstate_local_rescaled.clpy 61 65 1.051171
hic_contacts_WD_SUMOnub_merge_all_dm6_NA_at_1000bp_Nullstate_local_rescaled.clpy 61 66 0.935529
hic_contacts_WD_SUMOnub_merge_all_dm6_NA_at_1000bp_Nullstate_local_rescaled.clpy 61 67 0.873952
hic_contacts_WD_SUMOnub_merge_all_dm6_NA_at_1000bp_Nullstate_local_rescaled.clpy 61 68 0.850914
hic_contacts_WD_SUMOnub_merge_all_dm6_NA_at_1000bp_Nullstate_local_rescaled.clpy 61 69 0.817265
hic_contacts_WD_SUMOnub_merge_all_dm6_NA_at_1000bp_Nullstate_local_rescaled.clpy 62 60 0.911228
hic_contacts_WD_SUMOnub_merge_all_dm6_NA_at_1000bp_Nullstate_local_rescaled.clpy 62 61 0.000000
hic_contacts_WD_SUMOnub_merge_all_dm6_NA_at_1000bp_Nullstate_local_rescaled.clpy 62 62 0.000000
hic_contacts_WD_SUMOnub_merge_all_dm6_NA_at_1000bp_Nullstate_local_rescaled.clpy 62 63 0.000000
hic_contacts_WD_SUMOnub_merge_all_dm6_NA_at_1000bp_Nullstate_local_rescaled.clpy 62 64 0.972421
hic_contacts_WD_SUMOnub_merge_all_dm6_NA_at_1000bp_Nullstate_local_rescaled.clpy 62 65 1.045601
hic_contacts_WD_SUMOnub_merge_all_dm6_NA_at_1000bp_Nullstate_local_rescaled.clpy 62 66 0.928647
hic_contacts_WD_SUMOnub_merge_all_dm6_NA_at_1000bp_Nullstate_local_rescaled.clpy 62 67 0.857600
hic_contacts_WD_SUMOnub_merge_all_dm6_NA_at_1000bp_Nullstate_local_rescaled.clpy 62 68 0.846188
hic_contacts_WD_SUMOnub_merge_all_dm6_NA_at_1000bp_Nullstate_local_rescaled.clpy 62 69 0.821358
hic_contacts_WD_SUMOnub_merge_all_dm6_NA_at_1000bp_Nullstate_local_rescaled.clpy 63 60 0.973931
hic_contacts_WD_SUMOnub_merge_all_dm6_NA_at_1000bp_Nullstate_local_rescaled.clpy 63 61 0.949191
hic_contacts_WD_SUMOnub_merge_all_dm6_NA_at_1000bp_Nullstate_local_rescaled.clpy 63 62 0.000000
hic_contacts_WD_SUMOnub_merge_all_dm6_NA_at_1000bp_Nullstate_local_rescaled.clpy 63 63 0.000000
hic_contacts_WD_SUMOnub_merge_all_dm6_NA_at_1000bp_Nullstate_local_rescaled.clpy 63 64 0.000000
hic_contacts_WD_SUMOnub_merge_all_dm6_NA_at_1000bp_Nullstate_local_rescaled.clpy 63 65 0.947656
hic_contacts_WD_SUMOnub_merge_all_dm6_NA_at_1000bp_Nullstate_local_rescaled.clpy 63 66 0.911629
hic_contacts_WD_SUMOnub_merge_all_dm6_NA_at_1000bp_Nullstate_local_rescaled.clpy 63 67 0.878512
hic_contacts_WD_SUMOnub_merge_all_dm6_NA_at_1000bp_Nullstate_local_rescaled.clpy 63 68 0.853899
hic_contacts_WD_SUMOnub_merge_all_dm6_NA_at_1000bp_Nullstate_local_rescaled.clpy 63 69 0.835184
hic_contacts_WD_SUMOnub_merge_all_dm6_NA_at_1000bp_Nullstate_local_rescaled.clpy 64 60 1.010792
hic_contacts_WD_SUMOnub_merge_all_dm6_NA_at_1000bp_Nullstate_local_rescaled.clpy 64 61 1.009853
hic_contacts_WD_SUMOnub_merge_all_dm6_NA_at_1000bp_Nullstate_local_rescaled.clpy 64 62 0.972421
hic_contacts_WD_SUMOnub_merge_all_dm6_NA_at_1000bp_Nullstate_local_rescaled.clpy 64 63 0.000000
hic_contacts_WD_SUMOnub_merge_all_dm6_NA_at_1000bp_Nullstate_local_rescaled.clpy 64 64 0.000000
hic_contacts_WD_SUMOnub_merge_all_dm6_NA_at_1000bp_Nullstate_local_rescaled.clpy 64 65 0.000000
hic_contacts_WD_SUMOnub_merge_all_dm6_NA_at_1000bp_Nullstate_local_rescaled.clpy 64 66 0.879449
hic_contacts_WD_SUMOnub_merge_all_dm6_NA_at_1000bp_Nullstate_local_rescaled.clpy 64 67 0.884971
hic_contacts_WD_SUMOnub_merge_all_dm6_NA_at_1000bp_Nullstate_local_rescaled.clpy 64 68 0.867442
hic_contacts_WD_SUMOnub_merge_all_dm6_NA_at_1000bp_Nullstate_local_rescaled.clpy 64 69 0.871841
hic_contacts_WD_SUMOnub_merge_all_dm6_NA_at_1000bp_Nullstate_local_rescaled.clpy 65 60 1.031697
hic_contacts_WD_SUMOnub_merge_all_dm6_NA_at_1000bp_Nullstate_local_rescaled.clpy 65 61 1.051171
hic_contacts_WD_SUMOnub_merge_all_dm6_NA_at_1000bp_Nullstate_local_rescaled.clpy 65 62 1.045601
hic_contacts_WD_SUMOnub_merge_all_dm6_NA_at_1000bp_Nullstate_local_rescaled.clpy 65 63 0.947656
hic_contacts_WD_SUMOnub_merge_all_dm6_NA_at_1000bp_Nullstate_local_rescaled.clpy 65 64 0.000000
hic_contacts_WD_SUMOnub_merge_all_dm6_NA_at_1000bp_Nullstate_local_rescaled.clpy 65 65 0.000000
hic_contacts_WD_SUMOnub_merge_all_dm6_NA_at_1000bp_Nullstate_local_rescaled.clpy 65 66 0.000000
hic_contacts_WD_SUMOnub_merge_all_dm6_NA_at_1000bp_Nullstate_local_rescaled.clpy 65 67 0.871542
hic_contacts_WD_SUMOnub_merge_all_dm6_NA_at_1000bp_Nullstate_local_rescaled.clpy 65 68 0.851202
hic_contacts_WD_SUMOnub_merge_all_dm6_NA_at_1000bp_Nullstate_local_rescaled.clpy 65 69 0.874040
hic_contacts_WD_SUMOnub_merge_all_dm6_NA_at_1000bp_Nullstate_local_rescaled.clpy 66 60 0.925398
hic_contacts_WD_SUMOnub_merge_all_dm6_NA_at_1000bp_Nullstate_local_rescaled.clpy 66 61 0.935529
hic_contacts_WD_SUMOnub_merge_all_dm6_NA_at_1000bp_Nullstate_local_rescaled.clpy 66 62 0.928647
hic_contacts_WD_SUMOnub_merge_all_dm6_NA_at_1000bp_Nullstate_local_rescaled.clpy 66 63 0.911629
hic_contacts_WD_SUMOnub_merge_all_dm6_NA_at_1000bp_Nullstate_local_rescaled.clpy 66 64 0.879449
hic_contacts_WD_SUMOnub_merge_all_dm6_NA_at_1000bp_Nullstate_local_rescaled.clpy 66 65 0.000000
hic_contacts_WD_SUMOnub_merge_all_dm6_NA_at_1000bp_Nullstate_local_rescaled.clpy 66 66 0.000000
hic_contacts_WD_SUMOnub_merge_all_dm6_NA_at_1000bp_Nullstate_local_rescaled.clpy 66 67 0.000000
hic_contacts_WD_SUMOnub_merge_all_dm6_NA_at_1000bp_Nullstate_local_rescaled.clpy 66 68 0.958469
hic_contacts_WD_SUMOnub_merge_all_dm6_NA_at_1000bp_Nullstate_local_rescaled.clpy 66 69 0.948207
hic_contacts_WD_SUMOnub_merge_all_dm6_NA_at_1000bp_Nullstate_local_rescaled.clpy 67 60 0.861137
hic_contacts_WD_SUMOnub_merge_all_dm6_NA_at_1000bp_Nullstate_local_rescaled.clpy 67 61 0.873952
hic_contacts_WD_SUMOnub_merge_all_dm6_NA_at_1000bp_Nullstate_local_rescaled.clpy 67 62 0.857600
hic_contacts_WD_SUMOnub_merge_all_dm6_NA_at_1000bp_Nullstate_local_rescaled.clpy 67 63 0.878512
hic_contacts_WD_SUMOnub_merge_all_dm6_NA_at_1000bp_Nullstate_local_rescaled.clpy 67 64 0.884971
hic_contacts_WD_SUMOnub_merge_all_dm6_NA_at_1000bp_Nullstate_local_rescaled.clpy 67 65 0.871542
hic_contacts_WD_SUMOnub_merge_all_dm6_NA_at_1000bp_Nullstate_local_rescaled.clpy 67 66 0.000000
hic_contacts_WD_SUMOnub_merge_all_dm6_NA_at_1000bp_Nullstate_local_rescaled.clpy 67 67 0.000000
hic_contacts_WD_SUMOnub_merge_all_dm6_NA_at_1000bp_Nullstate_local_rescaled.clpy 67 68 0.000000
hic_contacts_WD_SUMOnub_merge_all_dm6_NA_at_1000bp_Nullstate_local_rescaled.clpy 67 69 1.061355
hic_contacts_WD_SUMOnub_merge_all_dm6_NA_at_1000bp_Nullstate_local_rescaled.clpy 68 60 0.856238
hic_contacts_WD_SUMOnub_merge_all_dm6_NA_at_1000bp_Nullstate_local_rescaled.clpy 68 61 0.850914
hic_contacts_WD_SUMOnub_merge_all_dm6_NA_at_1000bp_Nullstate_local_rescaled.clpy 68 62 0.846188
hic_contacts_WD_SUMOnub_merge_all_dm6_NA_at_1000bp_Nullstate_local_rescaled.clpy 68 63 0.853899
hic_contacts_WD_SUMOnub_merge_all_dm6_NA_at_1000bp_Nullstate_local_rescaled.clpy 68 64 0.867442
hic_contacts_WD_SUMOnub_merge_all_dm6_NA_at_1000bp_Nullstate_local_rescaled.clpy 68 65 0.851202
hic_contacts_WD_SUMOnub_merge_all_dm6_NA_at_1000bp_Nullstate_local_rescaled.clpy 68 66 0.958469
hic_contacts_WD_SUMOnub_merge_all_dm6_NA_at_1000bp_Nullstate_local_rescaled.clpy 68 67 0.000000
hic_contacts_WD_SUMOnub_merge_all_dm6_NA_at_1000bp_Nullstate_local_rescaled.clpy 68 68 0.000000
hic_contacts_WD_SUMOnub_merge_all_dm6_NA_at_1000bp_Nullstate_local_rescaled.clpy 68 69 0.000000
hic_contacts_WD_SUMOnub_merge_all_dm6_NA_at_1000bp_Nullstate_local_rescaled.clpy 69 60 0.926287
hic_contacts_WD_SUMOnub_merge_all_dm6_NA_at_1000bp_Nullstate_local_rescaled.clpy 69 61 0.817265
hic_contacts_WD_SUMOnub_merge_all_dm6_NA_at_1000bp_Nullstate_local_rescaled.clpy 69 62 0.821358
hic_contacts_WD_SUMOnub_merge_all_dm6_NA_at_1000bp_Nullstate_local_rescaled.clpy 69 63 0.835184
hic_contacts_WD_SUMOnub_merge_all_dm6_NA_at_1000bp_Nullstate_local_rescaled.clpy 69 64 0.871841
hic_contacts_WD_SUMOnub_merge_all_dm6_NA_at_1000bp_Nullstate_local_rescaled.clpy 69 65 0.874040
hic_contacts_WD_SUMOnub_merge_all_dm6_NA_at_1000bp_Nullstate_local_rescaled.clpy 69 66 0.948207
hic_contacts_WD_SUMOnub_merge_all_dm6_NA_at_1000bp_Nullstate_local_rescaled.clpy 69 67 1.061355
hic_contacts_WD_SUMOnub_merge_all_dm6_NA_at_1000bp_Nullstate_local_rescaled.clpy 69 68 0.000000
hic_contacts_WD_SUMOnub_merge_all_dm6_NA_at_1000bp_Nullstate_local_rescaled.clpy 69 69 0.000000
