hic_contacts_WD_NOnub_merge_all_dm6_NA_at_1000bp_Nullstate_local_rescaled.clpy 60 60 0.000000
hic_contacts_WD_NOnub_merge_all_dm6_NA_at_1000bp_Nullstate_local_rescaled.clpy 60 61 0.000000
hic_contacts_WD_NOnub_merge_all_dm6_NA_at_1000bp_Nullstate_local_rescaled.clpy 60 62 0.887903
hic_contacts_WD_NOnub_merge_all_dm6_NA_at_1000bp_Nullstate_local_rescaled.clpy 60 63 0.963617
hic_contacts_WD_NOnub_merge_all_dm6_NA_at_1000bp_Nullstate_local_rescaled.clpy 60 64 1.004294
hic_contacts_WD_NOnub_merge_all_dm6_NA_at_1000bp_Nullstate_local_rescaled.clpy 60 65 1.023041
hic_contacts_WD_NOnub_merge_all_dm6_NA_at_1000bp_Nullstate_local_rescaled.clpy 60 66 0.897871
hic_contacts_WD_NOnub_merge_all_dm6_NA_at_1000bp_Nullstate_local_rescaled.clpy 60 67 0.844502
hic_contacts_WD_NOnub_merge_all_dm6_NA_at_1000bp_Nullstate_local_rescaled.clpy 60 68 0.819105
hic_contacts_WD_NOnub_merge_all_dm6_NA_at_1000bp_Nullstate_local_rescaled.clpy 60 69 0.813295
hic_contacts_WD_NOnub_merge_all_dm6_NA_at_1000bp_Nullstate_local_rescaled.clpy 61 60 0.000000
hic_contacts_WD_NOnub_merge_all_dm6_NA_at_1000bp_Nullstate_local_rescaled.clpy 61 61 0.000000
hic_contacts_WD_NOnub_merge_all_dm6_NA_at_1000bp_Nullstate_local_rescaled.clpy 61 62 0.000000
hic_contacts_WD_NOnub_merge_all_dm6_NA_at_1000bp_Nullstate_local_rescaled.clpy 61 63 0.918428
hic_contacts_WD_NOnub_merge_all_dm6_NA_at_1000bp_Nullstate_local_rescaled.clpy 61 64 1.002008
hic_contacts_WD_NOnub_merge_all_dm6_NA_at_1000bp_Nullstate_local_rescaled.clpy 61 65 1.058740
hic_contacts_WD_NOnub_merge_all_dm6_NA_at_1000bp_Nullstate_local_rescaled.clpy 61 66 0.908161
hic_contacts_WD_NOnub_merge_all_dm6_NA_at_1000bp_Nullstate_local_rescaled.clpy 61 67 0.821058
hic_contacts_WD_NOnub_merge_all_dm6_NA_at_1000bp_Nullstate_local_rescaled.clpy 61 68 0.816527
hic_contacts_WD_NOnub_merge_all_dm6_NA_at_1000bp_Nullstate_local_rescaled.clpy 61 69 0.809029
hic_contacts_WD_NOnub_merge_all_dm6_NA_at_1000bp_Nullstate_local_rescaled.clpy 62 60 0.887903
hic_contacts_WD_NOnub_merge_all_dm6_NA_at_1000bp_Nullstate_local_rescaled.clpy 62 61 0.000000
hic_contacts_WD_NOnub_merge_all_dm6_NA_at_1000bp_Nullstate_local_rescaled.clpy 62 62 0.000000
hic_contacts_WD_NOnub_merge_all_dm6_NA_at_1000bp_Nullstate_local_rescaled.clpy 62 63 0.000000
hic_contacts_WD_NOnub_merge_all_dm6_NA_at_1000bp_Nullstate_local_rescaled.clpy 62 64 0.958324
hic_contacts_WD_NOnub_merge_all_dm6_NA_at_1000bp_Nullstate_local_rescaled.clpy 62 65 1.015666
hic_contacts_WD_NOnub_merge_all_dm6_NA_at_1000bp_Nullstate_local_rescaled.clpy 62 66 0.892540
hic_contacts_WD_NOnub_merge_all_dm6_NA_at_1000bp_Nullstate_local_rescaled.clpy 62 67 0.851192
hic_contacts_WD_NOnub_merge_all_dm6_NA_at_1000bp_Nullstate_local_rescaled.clpy 62 68 0.824011
hic_contacts_WD_NOnub_merge_all_dm6_NA_at_1000bp_Nullstate_local_rescaled.clpy 62 69 0.805382
hic_contacts_WD_NOnub_merge_all_dm6_NA_at_1000bp_Nullstate_local_rescaled.clpy 63 60 0.963617
hic_contacts_WD_NOnub_merge_all_dm6_NA_at_1000bp_Nullstate_local_rescaled.clpy 63 61 0.918428
hic_contacts_WD_NOnub_merge_all_dm6_NA_at_1000bp_Nullstate_local_rescaled.clpy 63 62 0.000000
hic_contacts_WD_NOnub_merge_all_dm6_NA_at_1000bp_Nullstate_local_rescaled.clpy 63 63 0.000000
hic_contacts_WD_NOnub_merge_all_dm6_NA_at_1000bp_Nullstate_local_rescaled.clpy 63 64 0.000000
hic_contacts_WD_NOnub_merge_all_dm6_NA_at_1000bp_Nullstate_local_rescaled.clpy 63 65 1.024228
hic_contacts_WD_NOnub_merge_all_dm6_NA_at_1000bp_Nullstate_local_rescaled.clpy 63 66 0.876773
hic_contacts_WD_NOnub_merge_all_dm6_NA_at_1000bp_Nullstate_local_rescaled.clpy 63 67 0.843356
hic_contacts_WD_NOnub_merge_all_dm6_NA_at_1000bp_Nullstate_local_rescaled.clpy 63 68 0.828624
hic_contacts_WD_NOnub_merge_all_dm6_NA_at_1000bp_Nullstate_local_rescaled.clpy 63 69 0.805414
hic_contacts_WD_NOnub_merge_all_dm6_NA_at_1000bp_Nullstate_local_rescaled.clpy 64 60 1.004294
hic_contacts_WD_NOnub_merge_all_dm6_NA_at_1000bp_Nullstate_local_rescaled.clpy 64 61 1.002008
hic_contacts_WD_NOnub_merge_all_dm6_NA_at_1000bp_Nullstate_local_rescaled.clpy 64 62 0.958324
hic_contacts_WD_NOnub_merge_all_dm6_NA_at_1000bp_Nullstate_local_rescaled.clpy 64 63 0.000000
hic_contacts_WD_NOnub_merge_all_dm6_NA_at_1000bp_Nullstate_local_rescaled.clpy 64 64 0.000000
hic_contacts_WD_NOnub_merge_all_dm6_NA_at_1000bp_Nullstate_local_rescaled.clpy 64 65 0.000000
hic_contacts_WD_NOnub_merge_all_dm6_NA_at_1000bp_Nullstate_local_rescaled.clpy 64 66 0.832391
hic_contacts_WD_NOnub_merge_all_dm6_NA_at_1000bp_Nullstate_local_rescaled.clpy 64 67 0.832603
hic_contacts_WD_NOnub_merge_all_dm6_NA_at_1000bp_Nullstate_local_rescaled.clpy 64 68 0.831139
hic_contacts_WD_NOnub_merge_all_dm6_NA_at_1000bp_Nullstate_local_rescaled.clpy 64 69 0.826696
hic_contacts_WD_NOnub_merge_all_dm6_NA_at_1000bp_Nullstate_local_rescaled.clpy 65 60 1.023041
hic_contacts_WD_NOnub_merge_all_dm6_NA_at_1000bp_Nullstate_local_rescaled.clpy 65 61 1.058740
hic_contacts_WD_NOnub_merge_all_dm6_NA_at_1000bp_Nullstate_local_rescaled.clpy 65 62 1.015666
hic_contacts_WD_NOnub_merge_all_dm6_NA_at_1000bp_Nullstate_local_rescaled.clpy 65 63 1.024228
hic_contacts_WD_NOnub_merge_all_dm6_NA_at_1000bp_Nullstate_local_rescaled.clpy 65 64 0.000000
hic_contacts_WD_NOnub_merge_all_dm6_NA_at_1000bp_Nullstate_local_rescaled.clpy 65 65 0.000000
hic_contacts_WD_NOnub_merge_all_dm6_NA_at_1000bp_Nullstate_local_rescaled.clpy 65 66 0.000000
hic_contacts_WD_NOnub_merge_all_dm6_NA_at_1000bp_Nullstate_local_rescaled.clpy 65 67 0.857020
hic_contacts_WD_NOnub_merge_all_dm6_NA_at_1000bp_Nullstate_local_rescaled.clpy 65 68 0.803742
hic_contacts_WD_NOnub_merge_all_dm6_NA_at_1000bp_Nullstate_local_rescaled.clpy 65 69 0.809850
hic_contacts_WD_NOnub_merge_all_dm6_NA_at_1000bp_Nullstate_local_rescaled.clpy 66 60 0.897871
hic_contacts_WD_NOnub_merge_all_dm6_NA_at_1000bp_Nullstate_local_rescaled.clpy 66 61 0.908161
hic_contacts_WD_NOnub_merge_all_dm6_NA_at_1000bp_Nullstate_local_rescaled.clpy 66 62 0.892540
hic_contacts_WD_NOnub_merge_all_dm6_NA_at_1000bp_Nullstate_local_rescaled.clpy 66 63 0.876773
hic_contacts_WD_NOnub_merge_all_dm6_NA_at_1000bp_Nullstate_local_rescaled.clpy 66 64 0.832391
hic_contacts_WD_NOnub_merge_all_dm6_NA_at_1000bp_Nullstate_local_rescaled.clpy 66 65 0.000000
hic_contacts_WD_NOnub_merge_all_dm6_NA_at_1000bp_Nullstate_local_rescaled.clpy 66 66 0.000000
hic_contacts_WD_NOnub_merge_all_dm6_NA_at_1000bp_Nullstate_local_rescaled.clpy 66 67 0.000000
hic_contacts_WD_NOnub_merge_all_dm6_NA_at_1000bp_Nullstate_local_rescaled.clpy 66 68 0.957813
hic_contacts_WD_NOnub_merge_all_dm6_NA_at_1000bp_Nullstate_local_rescaled.clpy 66 69 0.921166
hic_contacts_WD_NOnub_merge_all_dm6_NA_at_1000bp_Nullstate_local_rescaled.clpy 67 60 0.844502
hic_contacts_WD_NOnub_merge_all_dm6_NA_at_1000bp_Nullstate_local_rescaled.clpy 67 61 0.821058
hic_contacts_WD_NOnub_merge_all_dm6_NA_at_1000bp_Nullstate_local_rescaled.clpy 67 62 0.851192
hic_contacts_WD_NOnub_merge_all_dm6_NA_at_1000bp_Nullstate_local_rescaled.clpy 67 63 0.843356
hic_contacts_WD_NOnub_merge_all_dm6_NA_at_1000bp_Nullstate_local_rescaled.clpy 67 64 0.832603
hic_contacts_WD_NOnub_merge_all_dm6_NA_at_1000bp_Nullstate_local_rescaled.clpy 67 65 0.857020
hic_contacts_WD_NOnub_merge_all_dm6_NA_at_1000bp_Nullstate_local_rescaled.clpy 67 66 0.000000
hic_contacts_WD_NOnub_merge_all_dm6_NA_at_1000bp_Nullstate_local_rescaled.clpy 67 67 0.000000
hic_contacts_WD_NOnub_merge_all_dm6_NA_at_1000bp_Nullstate_local_rescaled.clpy 67 68 0.000000
hic_contacts_WD_NOnub_merge_all_dm6_NA_at_1000bp_Nullstate_local_rescaled.clpy 67 69 1.052037
hic_contacts_WD_NOnub_merge_all_dm6_NA_at_1000bp_Nullstate_local_rescaled.clpy 68 60 0.819105
hic_contacts_WD_NOnub_merge_all_dm6_NA_at_1000bp_Nullstate_local_rescaled.clpy 68 61 0.816527
hic_contacts_WD_NOnub_merge_all_dm6_NA_at_1000bp_Nullstate_local_rescaled.clpy 68 62 0.824011
hic_contacts_WD_NOnub_merge_all_dm6_NA_at_1000bp_Nullstate_local_rescaled.clpy 68 63 0.828624
hic_contacts_WD_NOnub_merge_all_dm6_NA_at_1000bp_Nullstate_local_rescaled.clpy 68 64 0.831139
hic_contacts_WD_NOnub_merge_all_dm6_NA_at_1000bp_Nullstate_local_rescaled.clpy 68 65 0.803742
hic_contacts_WD_NOnub_merge_all_dm6_NA_at_1000bp_Nullstate_local_rescaled.clpy 68 66 0.957813
hic_contacts_WD_NOnub_merge_all_dm6_NA_at_1000bp_Nullstate_local_rescaled.clpy 68 67 0.000000
hic_contacts_WD_NOnub_merge_all_dm6_NA_at_1000bp_Nullstate_local_rescaled.clpy 68 68 0.000000
hic_contacts_WD_NOnub_merge_all_dm6_NA_at_1000bp_Nullstate_local_rescaled.clpy 68 69 0.000000
hic_contacts_WD_NOnub_merge_all_dm6_NA_at_1000bp_Nullstate_local_rescaled.clpy 69 60 0.813295
hic_contacts_WD_NOnub_merge_all_dm6_NA_at_1000bp_Nullstate_local_rescaled.clpy 69 61 0.809029
hic_contacts_WD_NOnub_merge_all_dm6_NA_at_1000bp_Nullstate_local_rescaled.clpy 69 62 0.805382
hic_contacts_WD_NOnub_merge_all_dm6_NA_at_1000bp_Nullstate_local_rescaled.clpy 69 63 0.805414
hic_contacts_WD_NOnub_merge_all_dm6_NA_at_1000bp_Nullstate_local_rescaled.clpy 69 64 0.826696
hic_contacts_WD_NOnub_merge_all_dm6_NA_at_1000bp_Nullstate_local_rescaled.clpy 69 65 0.809850
hic_contacts_WD_NOnub_merge_all_dm6_NA_at_1000bp_Nullstate_local_rescaled.clpy 69 66 0.921166
hic_contacts_WD_NOnub_merge_all_dm6_NA_at_1000bp_Nullstate_local_rescaled.clpy 69 67 1.052037
hic_contacts_WD_NOnub_merge_all_dm6_NA_at_1000bp_Nullstate_local_rescaled.clpy 69 68 0.000000
hic_contacts_WD_NOnub_merge_all_dm6_NA_at_1000bp_Nullstate_local_rescaled.clpy 69 69 0.000000
