hic_contacts_WD_NOnub_merge_all_dm6_NA_at_1000bp_Hetstate_local_rescaled.clpy 28 28 nan
hic_contacts_WD_NOnub_merge_all_dm6_NA_at_1000bp_Hetstate_local_rescaled.clpy 28 29 nan
hic_contacts_WD_NOnub_merge_all_dm6_NA_at_1000bp_Hetstate_local_rescaled.clpy 28 30 1.250533
hic_contacts_WD_NOnub_merge_all_dm6_NA_at_1000bp_Hetstate_local_rescaled.clpy 28 31 1.206382
hic_contacts_WD_NOnub_merge_all_dm6_NA_at_1000bp_Hetstate_local_rescaled.clpy 28 32 1.036551
hic_contacts_WD_NOnub_merge_all_dm6_NA_at_1000bp_Hetstate_local_rescaled.clpy 28 33 0.877173
hic_contacts_WD_NOnub_merge_all_dm6_NA_at_1000bp_Hetstate_local_rescaled.clpy 28 34 0.893911
hic_contacts_WD_NOnub_merge_all_dm6_NA_at_1000bp_Hetstate_local_rescaled.clpy 28 35 0.838759
hic_contacts_WD_NOnub_merge_all_dm6_NA_at_1000bp_Hetstate_local_rescaled.clpy 28 36 0.802067
hic_contacts_WD_NOnub_merge_all_dm6_NA_at_1000bp_Hetstate_local_rescaled.clpy 28 37 0.832998
hic_contacts_WD_NOnub_merge_all_dm6_NA_at_1000bp_Hetstate_local_rescaled.clpy 29 28 nan
hic_contacts_WD_NOnub_merge_all_dm6_NA_at_1000bp_Hetstate_local_rescaled.clpy 29 29 nan
hic_contacts_WD_NOnub_merge_all_dm6_NA_at_1000bp_Hetstate_local_rescaled.clpy 29 30 nan
hic_contacts_WD_NOnub_merge_all_dm6_NA_at_1000bp_Hetstate_local_rescaled.clpy 29 31 0.972832
hic_contacts_WD_NOnub_merge_all_dm6_NA_at_1000bp_Hetstate_local_rescaled.clpy 29 32 1.068362
hic_contacts_WD_NOnub_merge_all_dm6_NA_at_1000bp_Hetstate_local_rescaled.clpy 29 33 0.898385
hic_contacts_WD_NOnub_merge_all_dm6_NA_at_1000bp_Hetstate_local_rescaled.clpy 29 34 0.873814
hic_contacts_WD_NOnub_merge_all_dm6_NA_at_1000bp_Hetstate_local_rescaled.clpy 29 35 0.855505
hic_contacts_WD_NOnub_merge_all_dm6_NA_at_1000bp_Hetstate_local_rescaled.clpy 29 36 0.784562
hic_contacts_WD_NOnub_merge_all_dm6_NA_at_1000bp_Hetstate_local_rescaled.clpy 29 37 0.820677
hic_contacts_WD_NOnub_merge_all_dm6_NA_at_1000bp_Hetstate_local_rescaled.clpy 30 28 1.250533
hic_contacts_WD_NOnub_merge_all_dm6_NA_at_1000bp_Hetstate_local_rescaled.clpy 30 29 nan
hic_contacts_WD_NOnub_merge_all_dm6_NA_at_1000bp_Hetstate_local_rescaled.clpy 30 30 nan
hic_contacts_WD_NOnub_merge_all_dm6_NA_at_1000bp_Hetstate_local_rescaled.clpy 30 31 nan
hic_contacts_WD_NOnub_merge_all_dm6_NA_at_1000bp_Hetstate_local_rescaled.clpy 30 32 1.198946
hic_contacts_WD_NOnub_merge_all_dm6_NA_at_1000bp_Hetstate_local_rescaled.clpy 30 33 0.850052
hic_contacts_WD_NOnub_merge_all_dm6_NA_at_1000bp_Hetstate_local_rescaled.clpy 30 34 0.889086
hic_contacts_WD_NOnub_merge_all_dm6_NA_at_1000bp_Hetstate_local_rescaled.clpy 30 35 0.898710
hic_contacts_WD_NOnub_merge_all_dm6_NA_at_1000bp_Hetstate_local_rescaled.clpy 30 36 0.835618
hic_contacts_WD_NOnub_merge_all_dm6_NA_at_1000bp_Hetstate_local_rescaled.clpy 30 37 0.843701
hic_contacts_WD_NOnub_merge_all_dm6_NA_at_1000bp_Hetstate_local_rescaled.clpy 31 28 1.206382
hic_contacts_WD_NOnub_merge_all_dm6_NA_at_1000bp_Hetstate_local_rescaled.clpy 31 29 0.972832
hic_contacts_WD_NOnub_merge_all_dm6_NA_at_1000bp_Hetstate_local_rescaled.clpy 31 30 nan
hic_contacts_WD_NOnub_merge_all_dm6_NA_at_1000bp_Hetstate_local_rescaled.clpy 31 31 nan
hic_contacts_WD_NOnub_merge_all_dm6_NA_at_1000bp_Hetstate_local_rescaled.clpy 31 32 nan
hic_contacts_WD_NOnub_merge_all_dm6_NA_at_1000bp_Hetstate_local_rescaled.clpy 31 33 0.848694
hic_contacts_WD_NOnub_merge_all_dm6_NA_at_1000bp_Hetstate_local_rescaled.clpy 31 34 0.899696
hic_contacts_WD_NOnub_merge_all_dm6_NA_at_1000bp_Hetstate_local_rescaled.clpy 31 35 0.936978
hic_contacts_WD_NOnub_merge_all_dm6_NA_at_1000bp_Hetstate_local_rescaled.clpy 31 36 0.952144
hic_contacts_WD_NOnub_merge_all_dm6_NA_at_1000bp_Hetstate_local_rescaled.clpy 31 37 0.945223
hic_contacts_WD_NOnub_merge_all_dm6_NA_at_1000bp_Hetstate_local_rescaled.clpy 32 28 1.036551
hic_contacts_WD_NOnub_merge_all_dm6_NA_at_1000bp_Hetstate_local_rescaled.clpy 32 29 1.068362
hic_contacts_WD_NOnub_merge_all_dm6_NA_at_1000bp_Hetstate_local_rescaled.clpy 32 30 1.198946
hic_contacts_WD_NOnub_merge_all_dm6_NA_at_1000bp_Hetstate_local_rescaled.clpy 32 31 nan
hic_contacts_WD_NOnub_merge_all_dm6_NA_at_1000bp_Hetstate_local_rescaled.clpy 32 32 nan
hic_contacts_WD_NOnub_merge_all_dm6_NA_at_1000bp_Hetstate_local_rescaled.clpy 32 33 nan
hic_contacts_WD_NOnub_merge_all_dm6_NA_at_1000bp_Hetstate_local_rescaled.clpy 32 34 0.581783
hic_contacts_WD_NOnub_merge_all_dm6_NA_at_1000bp_Hetstate_local_rescaled.clpy 32 35 0.849166
hic_contacts_WD_NOnub_merge_all_dm6_NA_at_1000bp_Hetstate_local_rescaled.clpy 32 36 0.867520
hic_contacts_WD_NOnub_merge_all_dm6_NA_at_1000bp_Hetstate_local_rescaled.clpy 32 37 0.970541
hic_contacts_WD_NOnub_merge_all_dm6_NA_at_1000bp_Hetstate_local_rescaled.clpy 33 28 0.877173
hic_contacts_WD_NOnub_merge_all_dm6_NA_at_1000bp_Hetstate_local_rescaled.clpy 33 29 0.898385
hic_contacts_WD_NOnub_merge_all_dm6_NA_at_1000bp_Hetstate_local_rescaled.clpy 33 30 0.850052
hic_contacts_WD_NOnub_merge_all_dm6_NA_at_1000bp_Hetstate_local_rescaled.clpy 33 31 0.848694
hic_contacts_WD_NOnub_merge_all_dm6_NA_at_1000bp_Hetstate_local_rescaled.clpy 33 32 nan
hic_contacts_WD_NOnub_merge_all_dm6_NA_at_1000bp_Hetstate_local_rescaled.clpy 33 33 nan
hic_contacts_WD_NOnub_merge_all_dm6_NA_at_1000bp_Hetstate_local_rescaled.clpy 33 34 nan
hic_contacts_WD_NOnub_merge_all_dm6_NA_at_1000bp_Hetstate_local_rescaled.clpy 33 35 0.961566
hic_contacts_WD_NOnub_merge_all_dm6_NA_at_1000bp_Hetstate_local_rescaled.clpy 33 36 1.019363
hic_contacts_WD_NOnub_merge_all_dm6_NA_at_1000bp_Hetstate_local_rescaled.clpy 33 37 1.066061
hic_contacts_WD_NOnub_merge_all_dm6_NA_at_1000bp_Hetstate_local_rescaled.clpy 34 28 0.893911
hic_contacts_WD_NOnub_merge_all_dm6_NA_at_1000bp_Hetstate_local_rescaled.clpy 34 29 0.873814
hic_contacts_WD_NOnub_merge_all_dm6_NA_at_1000bp_Hetstate_local_rescaled.clpy 34 30 0.889086
hic_contacts_WD_NOnub_merge_all_dm6_NA_at_1000bp_Hetstate_local_rescaled.clpy 34 31 0.899696
hic_contacts_WD_NOnub_merge_all_dm6_NA_at_1000bp_Hetstate_local_rescaled.clpy 34 32 0.581783
hic_contacts_WD_NOnub_merge_all_dm6_NA_at_1000bp_Hetstate_local_rescaled.clpy 34 33 nan
hic_contacts_WD_NOnub_merge_all_dm6_NA_at_1000bp_Hetstate_local_rescaled.clpy 34 34 nan
hic_contacts_WD_NOnub_merge_all_dm6_NA_at_1000bp_Hetstate_local_rescaled.clpy 34 35 nan
hic_contacts_WD_NOnub_merge_all_dm6_NA_at_1000bp_Hetstate_local_rescaled.clpy 34 36 1.070087
hic_contacts_WD_NOnub_merge_all_dm6_NA_at_1000bp_Hetstate_local_rescaled.clpy 34 37 1.132070
hic_contacts_WD_NOnub_merge_all_dm6_NA_at_1000bp_Hetstate_local_rescaled.clpy 35 28 0.838759
hic_contacts_WD_NOnub_merge_all_dm6_NA_at_1000bp_Hetstate_local_rescaled.clpy 35 29 0.855505
hic_contacts_WD_NOnub_merge_all_dm6_NA_at_1000bp_Hetstate_local_rescaled.clpy 35 30 0.898710
hic_contacts_WD_NOnub_merge_all_dm6_NA_at_1000bp_Hetstate_local_rescaled.clpy 35 31 0.936978
hic_contacts_WD_NOnub_merge_all_dm6_NA_at_1000bp_Hetstate_local_rescaled.clpy 35 32 0.849166
hic_contacts_WD_NOnub_merge_all_dm6_NA_at_1000bp_Hetstate_local_rescaled.clpy 35 33 0.961566
hic_contacts_WD_NOnub_merge_all_dm6_NA_at_1000bp_Hetstate_local_rescaled.clpy 35 34 nan
hic_contacts_WD_NOnub_merge_all_dm6_NA_at_1000bp_Hetstate_local_rescaled.clpy 35 35 nan
hic_contacts_WD_NOnub_merge_all_dm6_NA_at_1000bp_Hetstate_local_rescaled.clpy 35 36 nan
hic_contacts_WD_NOnub_merge_all_dm6_NA_at_1000bp_Hetstate_local_rescaled.clpy 35 37 0.921190
hic_contacts_WD_NOnub_merge_all_dm6_NA_at_1000bp_Hetstate_local_rescaled.clpy 36 28 0.802067
hic_contacts_WD_NOnub_merge_all_dm6_NA_at_1000bp_Hetstate_local_rescaled.clpy 36 29 0.784562
hic_contacts_WD_NOnub_merge_all_dm6_NA_at_1000bp_Hetstate_local_rescaled.clpy 36 30 0.835618
hic_contacts_WD_NOnub_merge_all_dm6_NA_at_1000bp_Hetstate_local_rescaled.clpy 36 31 0.952144
hic_contacts_WD_NOnub_merge_all_dm6_NA_at_1000bp_Hetstate_local_rescaled.clpy 36 32 0.867520
hic_contacts_WD_NOnub_merge_all_dm6_NA_at_1000bp_Hetstate_local_rescaled.clpy 36 33 1.019363
hic_contacts_WD_NOnub_merge_all_dm6_NA_at_1000bp_Hetstate_local_rescaled.clpy 36 34 1.070087
hic_contacts_WD_NOnub_merge_all_dm6_NA_at_1000bp_Hetstate_local_rescaled.clpy 36 35 nan
hic_contacts_WD_NOnub_merge_all_dm6_NA_at_1000bp_Hetstate_local_rescaled.clpy 36 36 nan
hic_contacts_WD_NOnub_merge_all_dm6_NA_at_1000bp_Hetstate_local_rescaled.clpy 36 37 nan
hic_contacts_WD_NOnub_merge_all_dm6_NA_at_1000bp_Hetstate_local_rescaled.clpy 37 28 0.832998
hic_contacts_WD_NOnub_merge_all_dm6_NA_at_1000bp_Hetstate_local_rescaled.clpy 37 29 0.820677
hic_contacts_WD_NOnub_merge_all_dm6_NA_at_1000bp_Hetstate_local_rescaled.clpy 37 30 0.843701
hic_contacts_WD_NOnub_merge_all_dm6_NA_at_1000bp_Hetstate_local_rescaled.clpy 37 31 0.945223
hic_contacts_WD_NOnub_merge_all_dm6_NA_at_1000bp_Hetstate_local_rescaled.clpy 37 32 0.970541
hic_contacts_WD_NOnub_merge_all_dm6_NA_at_1000bp_Hetstate_local_rescaled.clpy 37 33 1.066061
hic_contacts_WD_NOnub_merge_all_dm6_NA_at_1000bp_Hetstate_local_rescaled.clpy 37 34 1.132070
hic_contacts_WD_NOnub_merge_all_dm6_NA_at_1000bp_Hetstate_local_rescaled.clpy 37 35 0.921190
hic_contacts_WD_NOnub_merge_all_dm6_NA_at_1000bp_Hetstate_local_rescaled.clpy 37 36 nan
hic_contacts_WD_NOnub_merge_all_dm6_NA_at_1000bp_Hetstate_local_rescaled.clpy 37 37 nan
