hic_contacts_WD_NOnub_merge_all_dm6_NA_at_1000bp_Nullstate_local_rescaled.clpy 28 28 0.000000
hic_contacts_WD_NOnub_merge_all_dm6_NA_at_1000bp_Nullstate_local_rescaled.clpy 28 29 0.000000
hic_contacts_WD_NOnub_merge_all_dm6_NA_at_1000bp_Nullstate_local_rescaled.clpy 28 30 1.035290
hic_contacts_WD_NOnub_merge_all_dm6_NA_at_1000bp_Nullstate_local_rescaled.clpy 28 31 1.061580
hic_contacts_WD_NOnub_merge_all_dm6_NA_at_1000bp_Nullstate_local_rescaled.clpy 28 32 1.082087
hic_contacts_WD_NOnub_merge_all_dm6_NA_at_1000bp_Nullstate_local_rescaled.clpy 28 33 0.899753
hic_contacts_WD_NOnub_merge_all_dm6_NA_at_1000bp_Nullstate_local_rescaled.clpy 28 34 0.808968
hic_contacts_WD_NOnub_merge_all_dm6_NA_at_1000bp_Nullstate_local_rescaled.clpy 28 35 0.788642
hic_contacts_WD_NOnub_merge_all_dm6_NA_at_1000bp_Nullstate_local_rescaled.clpy 28 36 0.811706
hic_contacts_WD_NOnub_merge_all_dm6_NA_at_1000bp_Nullstate_local_rescaled.clpy 28 37 0.804521
hic_contacts_WD_NOnub_merge_all_dm6_NA_at_1000bp_Nullstate_local_rescaled.clpy 29 28 0.000000
hic_contacts_WD_NOnub_merge_all_dm6_NA_at_1000bp_Nullstate_local_rescaled.clpy 29 29 0.000000
hic_contacts_WD_NOnub_merge_all_dm6_NA_at_1000bp_Nullstate_local_rescaled.clpy 29 30 0.000000
hic_contacts_WD_NOnub_merge_all_dm6_NA_at_1000bp_Nullstate_local_rescaled.clpy 29 31 1.052411
hic_contacts_WD_NOnub_merge_all_dm6_NA_at_1000bp_Nullstate_local_rescaled.clpy 29 32 1.103468
hic_contacts_WD_NOnub_merge_all_dm6_NA_at_1000bp_Nullstate_local_rescaled.clpy 29 33 0.901798
hic_contacts_WD_NOnub_merge_all_dm6_NA_at_1000bp_Nullstate_local_rescaled.clpy 29 34 0.828143
hic_contacts_WD_NOnub_merge_all_dm6_NA_at_1000bp_Nullstate_local_rescaled.clpy 29 35 0.819591
hic_contacts_WD_NOnub_merge_all_dm6_NA_at_1000bp_Nullstate_local_rescaled.clpy 29 36 0.821798
hic_contacts_WD_NOnub_merge_all_dm6_NA_at_1000bp_Nullstate_local_rescaled.clpy 29 37 0.814898
hic_contacts_WD_NOnub_merge_all_dm6_NA_at_1000bp_Nullstate_local_rescaled.clpy 30 28 1.035290
hic_contacts_WD_NOnub_merge_all_dm6_NA_at_1000bp_Nullstate_local_rescaled.clpy 30 29 0.000000
hic_contacts_WD_NOnub_merge_all_dm6_NA_at_1000bp_Nullstate_local_rescaled.clpy 30 30 0.000000
hic_contacts_WD_NOnub_merge_all_dm6_NA_at_1000bp_Nullstate_local_rescaled.clpy 30 31 0.000000
hic_contacts_WD_NOnub_merge_all_dm6_NA_at_1000bp_Nullstate_local_rescaled.clpy 30 32 1.101117
hic_contacts_WD_NOnub_merge_all_dm6_NA_at_1000bp_Nullstate_local_rescaled.clpy 30 33 0.887696
hic_contacts_WD_NOnub_merge_all_dm6_NA_at_1000bp_Nullstate_local_rescaled.clpy 30 34 0.827415
hic_contacts_WD_NOnub_merge_all_dm6_NA_at_1000bp_Nullstate_local_rescaled.clpy 30 35 0.847662
hic_contacts_WD_NOnub_merge_all_dm6_NA_at_1000bp_Nullstate_local_rescaled.clpy 30 36 0.827448
hic_contacts_WD_NOnub_merge_all_dm6_NA_at_1000bp_Nullstate_local_rescaled.clpy 30 37 0.801025
hic_contacts_WD_NOnub_merge_all_dm6_NA_at_1000bp_Nullstate_local_rescaled.clpy 31 28 1.061580
hic_contacts_WD_NOnub_merge_all_dm6_NA_at_1000bp_Nullstate_local_rescaled.clpy 31 29 1.052411
hic_contacts_WD_NOnub_merge_all_dm6_NA_at_1000bp_Nullstate_local_rescaled.clpy 31 30 0.000000
hic_contacts_WD_NOnub_merge_all_dm6_NA_at_1000bp_Nullstate_local_rescaled.clpy 31 31 0.000000
hic_contacts_WD_NOnub_merge_all_dm6_NA_at_1000bp_Nullstate_local_rescaled.clpy 31 32 0.000000
hic_contacts_WD_NOnub_merge_all_dm6_NA_at_1000bp_Nullstate_local_rescaled.clpy 31 33 0.854237
hic_contacts_WD_NOnub_merge_all_dm6_NA_at_1000bp_Nullstate_local_rescaled.clpy 31 34 0.847172
hic_contacts_WD_NOnub_merge_all_dm6_NA_at_1000bp_Nullstate_local_rescaled.clpy 31 35 0.837699
hic_contacts_WD_NOnub_merge_all_dm6_NA_at_1000bp_Nullstate_local_rescaled.clpy 31 36 0.837752
hic_contacts_WD_NOnub_merge_all_dm6_NA_at_1000bp_Nullstate_local_rescaled.clpy 31 37 0.812660
hic_contacts_WD_NOnub_merge_all_dm6_NA_at_1000bp_Nullstate_local_rescaled.clpy 32 28 1.082087
hic_contacts_WD_NOnub_merge_all_dm6_NA_at_1000bp_Nullstate_local_rescaled.clpy 32 29 1.103468
hic_contacts_WD_NOnub_merge_all_dm6_NA_at_1000bp_Nullstate_local_rescaled.clpy 32 30 1.101117
hic_contacts_WD_NOnub_merge_all_dm6_NA_at_1000bp_Nullstate_local_rescaled.clpy 32 31 0.000000
hic_contacts_WD_NOnub_merge_all_dm6_NA_at_1000bp_Nullstate_local_rescaled.clpy 32 32 0.000000
hic_contacts_WD_NOnub_merge_all_dm6_NA_at_1000bp_Nullstate_local_rescaled.clpy 32 33 0.000000
hic_contacts_WD_NOnub_merge_all_dm6_NA_at_1000bp_Nullstate_local_rescaled.clpy 32 34 0.815318
hic_contacts_WD_NOnub_merge_all_dm6_NA_at_1000bp_Nullstate_local_rescaled.clpy 32 35 0.845887
hic_contacts_WD_NOnub_merge_all_dm6_NA_at_1000bp_Nullstate_local_rescaled.clpy 32 36 0.828551
hic_contacts_WD_NOnub_merge_all_dm6_NA_at_1000bp_Nullstate_local_rescaled.clpy 32 37 0.808287
hic_contacts_WD_NOnub_merge_all_dm6_NA_at_1000bp_Nullstate_local_rescaled.clpy 33 28 0.899753
hic_contacts_WD_NOnub_merge_all_dm6_NA_at_1000bp_Nullstate_local_rescaled.clpy 33 29 0.901798
hic_contacts_WD_NOnub_merge_all_dm6_NA_at_1000bp_Nullstate_local_rescaled.clpy 33 30 0.887696
hic_contacts_WD_NOnub_merge_all_dm6_NA_at_1000bp_Nullstate_local_rescaled.clpy 33 31 0.854237
hic_contacts_WD_NOnub_merge_all_dm6_NA_at_1000bp_Nullstate_local_rescaled.clpy 33 32 0.000000
hic_contacts_WD_NOnub_merge_all_dm6_NA_at_1000bp_Nullstate_local_rescaled.clpy 33 33 0.000000
hic_contacts_WD_NOnub_merge_all_dm6_NA_at_1000bp_Nullstate_local_rescaled.clpy 33 34 0.000000
hic_contacts_WD_NOnub_merge_all_dm6_NA_at_1000bp_Nullstate_local_rescaled.clpy 33 35 0.970573
hic_contacts_WD_NOnub_merge_all_dm6_NA_at_1000bp_Nullstate_local_rescaled.clpy 33 36 0.942938
hic_contacts_WD_NOnub_merge_all_dm6_NA_at_1000bp_Nullstate_local_rescaled.clpy 33 37 0.926179
hic_contacts_WD_NOnub_merge_all_dm6_NA_at_1000bp_Nullstate_local_rescaled.clpy 34 28 0.808968
hic_contacts_WD_NOnub_merge_all_dm6_NA_at_1000bp_Nullstate_local_rescaled.clpy 34 29 0.828143
hic_contacts_WD_NOnub_merge_all_dm6_NA_at_1000bp_Nullstate_local_rescaled.clpy 34 30 0.827415
hic_contacts_WD_NOnub_merge_all_dm6_NA_at_1000bp_Nullstate_local_rescaled.clpy 34 31 0.847172
hic_contacts_WD_NOnub_merge_all_dm6_NA_at_1000bp_Nullstate_local_rescaled.clpy 34 32 0.815318
hic_contacts_WD_NOnub_merge_all_dm6_NA_at_1000bp_Nullstate_local_rescaled.clpy 34 33 0.000000
hic_contacts_WD_NOnub_merge_all_dm6_NA_at_1000bp_Nullstate_local_rescaled.clpy 34 34 0.000000
hic_contacts_WD_NOnub_merge_all_dm6_NA_at_1000bp_Nullstate_local_rescaled.clpy 34 35 0.000000
hic_contacts_WD_NOnub_merge_all_dm6_NA_at_1000bp_Nullstate_local_rescaled.clpy 34 36 0.991080
hic_contacts_WD_NOnub_merge_all_dm6_NA_at_1000bp_Nullstate_local_rescaled.clpy 34 37 0.995239
hic_contacts_WD_NOnub_merge_all_dm6_NA_at_1000bp_Nullstate_local_rescaled.clpy 35 28 0.788642
hic_contacts_WD_NOnub_merge_all_dm6_NA_at_1000bp_Nullstate_local_rescaled.clpy 35 29 0.819591
hic_contacts_WD_NOnub_merge_all_dm6_NA_at_1000bp_Nullstate_local_rescaled.clpy 35 30 0.847662
hic_contacts_WD_NOnub_merge_all_dm6_NA_at_1000bp_Nullstate_local_rescaled.clpy 35 31 0.837699
hic_contacts_WD_NOnub_merge_all_dm6_NA_at_1000bp_Nullstate_local_rescaled.clpy 35 32 0.845887
hic_contacts_WD_NOnub_merge_all_dm6_NA_at_1000bp_Nullstate_local_rescaled.clpy 35 33 0.970573
hic_contacts_WD_NOnub_merge_all_dm6_NA_at_1000bp_Nullstate_local_rescaled.clpy 35 34 0.000000
hic_contacts_WD_NOnub_merge_all_dm6_NA_at_1000bp_Nullstate_local_rescaled.clpy 35 35 0.000000
hic_contacts_WD_NOnub_merge_all_dm6_NA_at_1000bp_Nullstate_local_rescaled.clpy 35 36 0.000000
hic_contacts_WD_NOnub_merge_all_dm6_NA_at_1000bp_Nullstate_local_rescaled.clpy 35 37 0.952513
hic_contacts_WD_NOnub_merge_all_dm6_NA_at_1000bp_Nullstate_local_rescaled.clpy 36 28 0.811706
hic_contacts_WD_NOnub_merge_all_dm6_NA_at_1000bp_Nullstate_local_rescaled.clpy 36 29 0.821798
hic_contacts_WD_NOnub_merge_all_dm6_NA_at_1000bp_Nullstate_local_rescaled.clpy 36 30 0.827448
hic_contacts_WD_NOnub_merge_all_dm6_NA_at_1000bp_Nullstate_local_rescaled.clpy 36 31 0.837752
hic_contacts_WD_NOnub_merge_all_dm6_NA_at_1000bp_Nullstate_local_rescaled.clpy 36 32 0.828551
hic_contacts_WD_NOnub_merge_all_dm6_NA_at_1000bp_Nullstate_local_rescaled.clpy 36 33 0.942938
hic_contacts_WD_NOnub_merge_all_dm6_NA_at_1000bp_Nullstate_local_rescaled.clpy 36 34 0.991080
hic_contacts_WD_NOnub_merge_all_dm6_NA_at_1000bp_Nullstate_local_rescaled.clpy 36 35 0.000000
hic_contacts_WD_NOnub_merge_all_dm6_NA_at_1000bp_Nullstate_local_rescaled.clpy 36 36 0.000000
hic_contacts_WD_NOnub_merge_all_dm6_NA_at_1000bp_Nullstate_local_rescaled.clpy 36 37 0.000000
hic_contacts_WD_NOnub_merge_all_dm6_NA_at_1000bp_Nullstate_local_rescaled.clpy 37 28 0.804521
hic_contacts_WD_NOnub_merge_all_dm6_NA_at_1000bp_Nullstate_local_rescaled.clpy 37 29 0.814898
hic_contacts_WD_NOnub_merge_all_dm6_NA_at_1000bp_Nullstate_local_rescaled.clpy 37 30 0.801025
hic_contacts_WD_NOnub_merge_all_dm6_NA_at_1000bp_Nullstate_local_rescaled.clpy 37 31 0.812660
hic_contacts_WD_NOnub_merge_all_dm6_NA_at_1000bp_Nullstate_local_rescaled.clpy 37 32 0.808287
hic_contacts_WD_NOnub_merge_all_dm6_NA_at_1000bp_Nullstate_local_rescaled.clpy 37 33 0.926179
hic_contacts_WD_NOnub_merge_all_dm6_NA_at_1000bp_Nullstate_local_rescaled.clpy 37 34 0.995239
hic_contacts_WD_NOnub_merge_all_dm6_NA_at_1000bp_Nullstate_local_rescaled.clpy 37 35 0.952513
hic_contacts_WD_NOnub_merge_all_dm6_NA_at_1000bp_Nullstate_local_rescaled.clpy 37 36 0.000000
hic_contacts_WD_NOnub_merge_all_dm6_NA_at_1000bp_Nullstate_local_rescaled.clpy 37 37 0.000000
