hic_contacts_WD_SUMOnub_merge_all_dm6_NA_at_1000bp_Allstate_local_rescaled.clpy 28 28 0.000000
hic_contacts_WD_SUMOnub_merge_all_dm6_NA_at_1000bp_Allstate_local_rescaled.clpy 28 29 0.000000
hic_contacts_WD_SUMOnub_merge_all_dm6_NA_at_1000bp_Allstate_local_rescaled.clpy 28 30 1.070322
hic_contacts_WD_SUMOnub_merge_all_dm6_NA_at_1000bp_Allstate_local_rescaled.clpy 28 31 1.132059
hic_contacts_WD_SUMOnub_merge_all_dm6_NA_at_1000bp_Allstate_local_rescaled.clpy 28 32 1.130007
hic_contacts_WD_SUMOnub_merge_all_dm6_NA_at_1000bp_Allstate_local_rescaled.clpy 28 33 0.987068
hic_contacts_WD_SUMOnub_merge_all_dm6_NA_at_1000bp_Allstate_local_rescaled.clpy 28 34 0.884501
hic_contacts_WD_SUMOnub_merge_all_dm6_NA_at_1000bp_Allstate_local_rescaled.clpy 28 35 0.863752
hic_contacts_WD_SUMOnub_merge_all_dm6_NA_at_1000bp_Allstate_local_rescaled.clpy 28 36 0.871510
hic_contacts_WD_SUMOnub_merge_all_dm6_NA_at_1000bp_Allstate_local_rescaled.clpy 28 37 0.846318
hic_contacts_WD_SUMOnub_merge_all_dm6_NA_at_1000bp_Allstate_local_rescaled.clpy 29 28 0.000000
hic_contacts_WD_SUMOnub_merge_all_dm6_NA_at_1000bp_Allstate_local_rescaled.clpy 29 29 0.000000
hic_contacts_WD_SUMOnub_merge_all_dm6_NA_at_1000bp_Allstate_local_rescaled.clpy 29 30 0.000000
hic_contacts_WD_SUMOnub_merge_all_dm6_NA_at_1000bp_Allstate_local_rescaled.clpy 29 31 1.118658
hic_contacts_WD_SUMOnub_merge_all_dm6_NA_at_1000bp_Allstate_local_rescaled.clpy 29 32 1.136053
hic_contacts_WD_SUMOnub_merge_all_dm6_NA_at_1000bp_Allstate_local_rescaled.clpy 29 33 0.982730
hic_contacts_WD_SUMOnub_merge_all_dm6_NA_at_1000bp_Allstate_local_rescaled.clpy 29 34 0.896526
hic_contacts_WD_SUMOnub_merge_all_dm6_NA_at_1000bp_Allstate_local_rescaled.clpy 29 35 0.872867
hic_contacts_WD_SUMOnub_merge_all_dm6_NA_at_1000bp_Allstate_local_rescaled.clpy 29 36 0.874409
hic_contacts_WD_SUMOnub_merge_all_dm6_NA_at_1000bp_Allstate_local_rescaled.clpy 29 37 0.857575
hic_contacts_WD_SUMOnub_merge_all_dm6_NA_at_1000bp_Allstate_local_rescaled.clpy 30 28 1.070322
hic_contacts_WD_SUMOnub_merge_all_dm6_NA_at_1000bp_Allstate_local_rescaled.clpy 30 29 0.000000
hic_contacts_WD_SUMOnub_merge_all_dm6_NA_at_1000bp_Allstate_local_rescaled.clpy 30 30 0.000000
hic_contacts_WD_SUMOnub_merge_all_dm6_NA_at_1000bp_Allstate_local_rescaled.clpy 30 31 0.000000
hic_contacts_WD_SUMOnub_merge_all_dm6_NA_at_1000bp_Allstate_local_rescaled.clpy 30 32 1.113949
hic_contacts_WD_SUMOnub_merge_all_dm6_NA_at_1000bp_Allstate_local_rescaled.clpy 30 33 0.946820
hic_contacts_WD_SUMOnub_merge_all_dm6_NA_at_1000bp_Allstate_local_rescaled.clpy 30 34 0.904470
hic_contacts_WD_SUMOnub_merge_all_dm6_NA_at_1000bp_Allstate_local_rescaled.clpy 30 35 0.887388
hic_contacts_WD_SUMOnub_merge_all_dm6_NA_at_1000bp_Allstate_local_rescaled.clpy 30 36 0.878627
hic_contacts_WD_SUMOnub_merge_all_dm6_NA_at_1000bp_Allstate_local_rescaled.clpy 30 37 0.877640
hic_contacts_WD_SUMOnub_merge_all_dm6_NA_at_1000bp_Allstate_local_rescaled.clpy 31 28 1.132059
hic_contacts_WD_SUMOnub_merge_all_dm6_NA_at_1000bp_Allstate_local_rescaled.clpy 31 29 1.118658
hic_contacts_WD_SUMOnub_merge_all_dm6_NA_at_1000bp_Allstate_local_rescaled.clpy 31 30 0.000000
hic_contacts_WD_SUMOnub_merge_all_dm6_NA_at_1000bp_Allstate_local_rescaled.clpy 31 31 0.000000
hic_contacts_WD_SUMOnub_merge_all_dm6_NA_at_1000bp_Allstate_local_rescaled.clpy 31 32 0.000000
hic_contacts_WD_SUMOnub_merge_all_dm6_NA_at_1000bp_Allstate_local_rescaled.clpy 31 33 0.877328
hic_contacts_WD_SUMOnub_merge_all_dm6_NA_at_1000bp_Allstate_local_rescaled.clpy 31 34 0.901070
hic_contacts_WD_SUMOnub_merge_all_dm6_NA_at_1000bp_Allstate_local_rescaled.clpy 31 35 0.899359
hic_contacts_WD_SUMOnub_merge_all_dm6_NA_at_1000bp_Allstate_local_rescaled.clpy 31 36 0.893348
hic_contacts_WD_SUMOnub_merge_all_dm6_NA_at_1000bp_Allstate_local_rescaled.clpy 31 37 0.884597
hic_contacts_WD_SUMOnub_merge_all_dm6_NA_at_1000bp_Allstate_local_rescaled.clpy 32 28 1.130007
hic_contacts_WD_SUMOnub_merge_all_dm6_NA_at_1000bp_Allstate_local_rescaled.clpy 32 29 1.136053
hic_contacts_WD_SUMOnub_merge_all_dm6_NA_at_1000bp_Allstate_local_rescaled.clpy 32 30 1.113949
hic_contacts_WD_SUMOnub_merge_all_dm6_NA_at_1000bp_Allstate_local_rescaled.clpy 32 31 0.000000
hic_contacts_WD_SUMOnub_merge_all_dm6_NA_at_1000bp_Allstate_local_rescaled.clpy 32 32 0.000000
hic_contacts_WD_SUMOnub_merge_all_dm6_NA_at_1000bp_Allstate_local_rescaled.clpy 32 33 0.000000
hic_contacts_WD_SUMOnub_merge_all_dm6_NA_at_1000bp_Allstate_local_rescaled.clpy 32 34 0.849015
hic_contacts_WD_SUMOnub_merge_all_dm6_NA_at_1000bp_Allstate_local_rescaled.clpy 32 35 0.907851
hic_contacts_WD_SUMOnub_merge_all_dm6_NA_at_1000bp_Allstate_local_rescaled.clpy 32 36 0.903725
hic_contacts_WD_SUMOnub_merge_all_dm6_NA_at_1000bp_Allstate_local_rescaled.clpy 32 37 0.904821
hic_contacts_WD_SUMOnub_merge_all_dm6_NA_at_1000bp_Allstate_local_rescaled.clpy 33 28 0.987068
hic_contacts_WD_SUMOnub_merge_all_dm6_NA_at_1000bp_Allstate_local_rescaled.clpy 33 29 0.982730
hic_contacts_WD_SUMOnub_merge_all_dm6_NA_at_1000bp_Allstate_local_rescaled.clpy 33 30 0.946820
hic_contacts_WD_SUMOnub_merge_all_dm6_NA_at_1000bp_Allstate_local_rescaled.clpy 33 31 0.877328
hic_contacts_WD_SUMOnub_merge_all_dm6_NA_at_1000bp_Allstate_local_rescaled.clpy 33 32 0.000000
hic_contacts_WD_SUMOnub_merge_all_dm6_NA_at_1000bp_Allstate_local_rescaled.clpy 33 33 0.000000
hic_contacts_WD_SUMOnub_merge_all_dm6_NA_at_1000bp_Allstate_local_rescaled.clpy 33 34 0.000000
hic_contacts_WD_SUMOnub_merge_all_dm6_NA_at_1000bp_Allstate_local_rescaled.clpy 33 35 1.056809
hic_contacts_WD_SUMOnub_merge_all_dm6_NA_at_1000bp_Allstate_local_rescaled.clpy 33 36 1.024351
hic_contacts_WD_SUMOnub_merge_all_dm6_NA_at_1000bp_Allstate_local_rescaled.clpy 33 37 1.018243
hic_contacts_WD_SUMOnub_merge_all_dm6_NA_at_1000bp_Allstate_local_rescaled.clpy 34 28 0.884501
hic_contacts_WD_SUMOnub_merge_all_dm6_NA_at_1000bp_Allstate_local_rescaled.clpy 34 29 0.896526
hic_contacts_WD_SUMOnub_merge_all_dm6_NA_at_1000bp_Allstate_local_rescaled.clpy 34 30 0.904470
hic_contacts_WD_SUMOnub_merge_all_dm6_NA_at_1000bp_Allstate_local_rescaled.clpy 34 31 0.901070
hic_contacts_WD_SUMOnub_merge_all_dm6_NA_at_1000bp_Allstate_local_rescaled.clpy 34 32 0.849015
hic_contacts_WD_SUMOnub_merge_all_dm6_NA_at_1000bp_Allstate_local_rescaled.clpy 34 33 0.000000
hic_contacts_WD_SUMOnub_merge_all_dm6_NA_at_1000bp_Allstate_local_rescaled.clpy 34 34 0.000000
hic_contacts_WD_SUMOnub_merge_all_dm6_NA_at_1000bp_Allstate_local_rescaled.clpy 34 35 0.000000
hic_contacts_WD_SUMOnub_merge_all_dm6_NA_at_1000bp_Allstate_local_rescaled.clpy 34 36 1.067955
hic_contacts_WD_SUMOnub_merge_all_dm6_NA_at_1000bp_Allstate_local_rescaled.clpy 34 37 1.083451
hic_contacts_WD_SUMOnub_merge_all_dm6_NA_at_1000bp_Allstate_local_rescaled.clpy 35 28 0.863752
hic_contacts_WD_SUMOnub_merge_all_dm6_NA_at_1000bp_Allstate_local_rescaled.clpy 35 29 0.872867
hic_contacts_WD_SUMOnub_merge_all_dm6_NA_at_1000bp_Allstate_local_rescaled.clpy 35 30 0.887388
hic_contacts_WD_SUMOnub_merge_all_dm6_NA_at_1000bp_Allstate_local_rescaled.clpy 35 31 0.899359
hic_contacts_WD_SUMOnub_merge_all_dm6_NA_at_1000bp_Allstate_local_rescaled.clpy 35 32 0.907851
hic_contacts_WD_SUMOnub_merge_all_dm6_NA_at_1000bp_Allstate_local_rescaled.clpy 35 33 1.056809
hic_contacts_WD_SUMOnub_merge_all_dm6_NA_at_1000bp_Allstate_local_rescaled.clpy 35 34 0.000000
hic_contacts_WD_SUMOnub_merge_all_dm6_NA_at_1000bp_Allstate_local_rescaled.clpy 35 35 0.000000
hic_contacts_WD_SUMOnub_merge_all_dm6_NA_at_1000bp_Allstate_local_rescaled.clpy 35 36 0.000000
hic_contacts_WD_SUMOnub_merge_all_dm6_NA_at_1000bp_Allstate_local_rescaled.clpy 35 37 1.039619
hic_contacts_WD_SUMOnub_merge_all_dm6_NA_at_1000bp_Allstate_local_rescaled.clpy 36 28 0.871510
hic_contacts_WD_SUMOnub_merge_all_dm6_NA_at_1000bp_Allstate_local_rescaled.clpy 36 29 0.874409
hic_contacts_WD_SUMOnub_merge_all_dm6_NA_at_1000bp_Allstate_local_rescaled.clpy 36 30 0.878627
hic_contacts_WD_SUMOnub_merge_all_dm6_NA_at_1000bp_Allstate_local_rescaled.clpy 36 31 0.893348
hic_contacts_WD_SUMOnub_merge_all_dm6_NA_at_1000bp_Allstate_local_rescaled.clpy 36 32 0.903725
hic_contacts_WD_SUMOnub_merge_all_dm6_NA_at_1000bp_Allstate_local_rescaled.clpy 36 33 1.024351
hic_contacts_WD_SUMOnub_merge_all_dm6_NA_at_1000bp_Allstate_local_rescaled.clpy 36 34 1.067955
hic_contacts_WD_SUMOnub_merge_all_dm6_NA_at_1000bp_Allstate_local_rescaled.clpy 36 35 0.000000
hic_contacts_WD_SUMOnub_merge_all_dm6_NA_at_1000bp_Allstate_local_rescaled.clpy 36 36 0.000000
hic_contacts_WD_SUMOnub_merge_all_dm6_NA_at_1000bp_Allstate_local_rescaled.clpy 36 37 0.000000
hic_contacts_WD_SUMOnub_merge_all_dm6_NA_at_1000bp_Allstate_local_rescaled.clpy 37 28 0.846318
hic_contacts_WD_SUMOnub_merge_all_dm6_NA_at_1000bp_Allstate_local_rescaled.clpy 37 29 0.857575
hic_contacts_WD_SUMOnub_merge_all_dm6_NA_at_1000bp_Allstate_local_rescaled.clpy 37 30 0.877640
hic_contacts_WD_SUMOnub_merge_all_dm6_NA_at_1000bp_Allstate_local_rescaled.clpy 37 31 0.884597
hic_contacts_WD_SUMOnub_merge_all_dm6_NA_at_1000bp_Allstate_local_rescaled.clpy 37 32 0.904821
hic_contacts_WD_SUMOnub_merge_all_dm6_NA_at_1000bp_Allstate_local_rescaled.clpy 37 33 1.018243
hic_contacts_WD_SUMOnub_merge_all_dm6_NA_at_1000bp_Allstate_local_rescaled.clpy 37 34 1.083451
hic_contacts_WD_SUMOnub_merge_all_dm6_NA_at_1000bp_Allstate_local_rescaled.clpy 37 35 1.039619
hic_contacts_WD_SUMOnub_merge_all_dm6_NA_at_1000bp_Allstate_local_rescaled.clpy 37 36 0.000000
hic_contacts_WD_SUMOnub_merge_all_dm6_NA_at_1000bp_Allstate_local_rescaled.clpy 37 37 0.000000
