hic_contacts_WD_NOnub_merge_all_dm6_NA_at_1000bp_Hetstate_local_rescaled.clpy 60 60 nan
hic_contacts_WD_NOnub_merge_all_dm6_NA_at_1000bp_Hetstate_local_rescaled.clpy 60 61 nan
hic_contacts_WD_NOnub_merge_all_dm6_NA_at_1000bp_Hetstate_local_rescaled.clpy 60 62 1.153020
hic_contacts_WD_NOnub_merge_all_dm6_NA_at_1000bp_Hetstate_local_rescaled.clpy 60 63 1.076486
hic_contacts_WD_NOnub_merge_all_dm6_NA_at_1000bp_Hetstate_local_rescaled.clpy 60 64 1.183806
hic_contacts_WD_NOnub_merge_all_dm6_NA_at_1000bp_Hetstate_local_rescaled.clpy 60 65 1.208443
hic_contacts_WD_NOnub_merge_all_dm6_NA_at_1000bp_Hetstate_local_rescaled.clpy 60 66 0.993758
hic_contacts_WD_NOnub_merge_all_dm6_NA_at_1000bp_Hetstate_local_rescaled.clpy 60 67 0.894014
hic_contacts_WD_NOnub_merge_all_dm6_NA_at_1000bp_Hetstate_local_rescaled.clpy 60 68 0.834102
hic_contacts_WD_NOnub_merge_all_dm6_NA_at_1000bp_Hetstate_local_rescaled.clpy 60 69 0.856509
hic_contacts_WD_NOnub_merge_all_dm6_NA_at_1000bp_Hetstate_local_rescaled.clpy 61 60 nan
hic_contacts_WD_NOnub_merge_all_dm6_NA_at_1000bp_Hetstate_local_rescaled.clpy 61 61 nan
hic_contacts_WD_NOnub_merge_all_dm6_NA_at_1000bp_Hetstate_local_rescaled.clpy 61 62 nan
hic_contacts_WD_NOnub_merge_all_dm6_NA_at_1000bp_Hetstate_local_rescaled.clpy 61 63 0.973390
hic_contacts_WD_NOnub_merge_all_dm6_NA_at_1000bp_Hetstate_local_rescaled.clpy 61 64 1.141717
hic_contacts_WD_NOnub_merge_all_dm6_NA_at_1000bp_Hetstate_local_rescaled.clpy 61 65 1.093799
hic_contacts_WD_NOnub_merge_all_dm6_NA_at_1000bp_Hetstate_local_rescaled.clpy 61 66 1.030084
hic_contacts_WD_NOnub_merge_all_dm6_NA_at_1000bp_Hetstate_local_rescaled.clpy 61 67 0.826835
hic_contacts_WD_NOnub_merge_all_dm6_NA_at_1000bp_Hetstate_local_rescaled.clpy 61 68 0.813909
hic_contacts_WD_NOnub_merge_all_dm6_NA_at_1000bp_Hetstate_local_rescaled.clpy 61 69 0.791828
hic_contacts_WD_NOnub_merge_all_dm6_NA_at_1000bp_Hetstate_local_rescaled.clpy 62 60 1.153020
hic_contacts_WD_NOnub_merge_all_dm6_NA_at_1000bp_Hetstate_local_rescaled.clpy 62 61 nan
hic_contacts_WD_NOnub_merge_all_dm6_NA_at_1000bp_Hetstate_local_rescaled.clpy 62 62 nan
hic_contacts_WD_NOnub_merge_all_dm6_NA_at_1000bp_Hetstate_local_rescaled.clpy 62 63 nan
hic_contacts_WD_NOnub_merge_all_dm6_NA_at_1000bp_Hetstate_local_rescaled.clpy 62 64 0.974353
hic_contacts_WD_NOnub_merge_all_dm6_NA_at_1000bp_Hetstate_local_rescaled.clpy 62 65 1.096123
hic_contacts_WD_NOnub_merge_all_dm6_NA_at_1000bp_Hetstate_local_rescaled.clpy 62 66 0.975527
hic_contacts_WD_NOnub_merge_all_dm6_NA_at_1000bp_Hetstate_local_rescaled.clpy 62 67 0.895116
hic_contacts_WD_NOnub_merge_all_dm6_NA_at_1000bp_Hetstate_local_rescaled.clpy 62 68 0.786477
hic_contacts_WD_NOnub_merge_all_dm6_NA_at_1000bp_Hetstate_local_rescaled.clpy 62 69 0.805960
hic_contacts_WD_NOnub_merge_all_dm6_NA_at_1000bp_Hetstate_local_rescaled.clpy 63 60 1.076486
hic_contacts_WD_NOnub_merge_all_dm6_NA_at_1000bp_Hetstate_local_rescaled.clpy 63 61 0.973390
hic_contacts_WD_NOnub_merge_all_dm6_NA_at_1000bp_Hetstate_local_rescaled.clpy 63 62 nan
hic_contacts_WD_NOnub_merge_all_dm6_NA_at_1000bp_Hetstate_local_rescaled.clpy 63 63 nan
hic_contacts_WD_NOnub_merge_all_dm6_NA_at_1000bp_Hetstate_local_rescaled.clpy 63 64 nan
hic_contacts_WD_NOnub_merge_all_dm6_NA_at_1000bp_Hetstate_local_rescaled.clpy 63 65 1.056885
hic_contacts_WD_NOnub_merge_all_dm6_NA_at_1000bp_Hetstate_local_rescaled.clpy 63 66 1.064104
hic_contacts_WD_NOnub_merge_all_dm6_NA_at_1000bp_Hetstate_local_rescaled.clpy 63 67 0.908581
hic_contacts_WD_NOnub_merge_all_dm6_NA_at_1000bp_Hetstate_local_rescaled.clpy 63 68 0.814377
hic_contacts_WD_NOnub_merge_all_dm6_NA_at_1000bp_Hetstate_local_rescaled.clpy 63 69 0.870767
hic_contacts_WD_NOnub_merge_all_dm6_NA_at_1000bp_Hetstate_local_rescaled.clpy 64 60 1.183806
hic_contacts_WD_NOnub_merge_all_dm6_NA_at_1000bp_Hetstate_local_rescaled.clpy 64 61 1.141717
hic_contacts_WD_NOnub_merge_all_dm6_NA_at_1000bp_Hetstate_local_rescaled.clpy 64 62 0.974353
hic_contacts_WD_NOnub_merge_all_dm6_NA_at_1000bp_Hetstate_local_rescaled.clpy 64 63 nan
hic_contacts_WD_NOnub_merge_all_dm6_NA_at_1000bp_Hetstate_local_rescaled.clpy 64 64 nan
hic_contacts_WD_NOnub_merge_all_dm6_NA_at_1000bp_Hetstate_local_rescaled.clpy 64 65 nan
hic_contacts_WD_NOnub_merge_all_dm6_NA_at_1000bp_Hetstate_local_rescaled.clpy 64 66 0.929281
hic_contacts_WD_NOnub_merge_all_dm6_NA_at_1000bp_Hetstate_local_rescaled.clpy 64 67 0.937649
hic_contacts_WD_NOnub_merge_all_dm6_NA_at_1000bp_Hetstate_local_rescaled.clpy 64 68 0.867016
hic_contacts_WD_NOnub_merge_all_dm6_NA_at_1000bp_Hetstate_local_rescaled.clpy 64 69 0.761408
hic_contacts_WD_NOnub_merge_all_dm6_NA_at_1000bp_Hetstate_local_rescaled.clpy 65 60 1.208443
hic_contacts_WD_NOnub_merge_all_dm6_NA_at_1000bp_Hetstate_local_rescaled.clpy 65 61 1.093799
hic_contacts_WD_NOnub_merge_all_dm6_NA_at_1000bp_Hetstate_local_rescaled.clpy 65 62 1.096123
hic_contacts_WD_NOnub_merge_all_dm6_NA_at_1000bp_Hetstate_local_rescaled.clpy 65 63 1.056885
hic_contacts_WD_NOnub_merge_all_dm6_NA_at_1000bp_Hetstate_local_rescaled.clpy 65 64 nan
hic_contacts_WD_NOnub_merge_all_dm6_NA_at_1000bp_Hetstate_local_rescaled.clpy 65 65 nan
hic_contacts_WD_NOnub_merge_all_dm6_NA_at_1000bp_Hetstate_local_rescaled.clpy 65 66 nan
hic_contacts_WD_NOnub_merge_all_dm6_NA_at_1000bp_Hetstate_local_rescaled.clpy 65 67 0.938955
hic_contacts_WD_NOnub_merge_all_dm6_NA_at_1000bp_Hetstate_local_rescaled.clpy 65 68 0.815859
hic_contacts_WD_NOnub_merge_all_dm6_NA_at_1000bp_Hetstate_local_rescaled.clpy 65 69 0.786811
hic_contacts_WD_NOnub_merge_all_dm6_NA_at_1000bp_Hetstate_local_rescaled.clpy 66 60 0.993758
hic_contacts_WD_NOnub_merge_all_dm6_NA_at_1000bp_Hetstate_local_rescaled.clpy 66 61 1.030084
hic_contacts_WD_NOnub_merge_all_dm6_NA_at_1000bp_Hetstate_local_rescaled.clpy 66 62 0.975527
hic_contacts_WD_NOnub_merge_all_dm6_NA_at_1000bp_Hetstate_local_rescaled.clpy 66 63 1.064104
hic_contacts_WD_NOnub_merge_all_dm6_NA_at_1000bp_Hetstate_local_rescaled.clpy 66 64 0.929281
hic_contacts_WD_NOnub_merge_all_dm6_NA_at_1000bp_Hetstate_local_rescaled.clpy 66 65 nan
hic_contacts_WD_NOnub_merge_all_dm6_NA_at_1000bp_Hetstate_local_rescaled.clpy 66 66 nan
hic_contacts_WD_NOnub_merge_all_dm6_NA_at_1000bp_Hetstate_local_rescaled.clpy 66 67 nan
hic_contacts_WD_NOnub_merge_all_dm6_NA_at_1000bp_Hetstate_local_rescaled.clpy 66 68 1.015999
hic_contacts_WD_NOnub_merge_all_dm6_NA_at_1000bp_Hetstate_local_rescaled.clpy 66 69 0.977724
hic_contacts_WD_NOnub_merge_all_dm6_NA_at_1000bp_Hetstate_local_rescaled.clpy 67 60 0.894014
hic_contacts_WD_NOnub_merge_all_dm6_NA_at_1000bp_Hetstate_local_rescaled.clpy 67 61 0.826835
hic_contacts_WD_NOnub_merge_all_dm6_NA_at_1000bp_Hetstate_local_rescaled.clpy 67 62 0.895116
hic_contacts_WD_NOnub_merge_all_dm6_NA_at_1000bp_Hetstate_local_rescaled.clpy 67 63 0.908581
hic_contacts_WD_NOnub_merge_all_dm6_NA_at_1000bp_Hetstate_local_rescaled.clpy 67 64 0.937649
hic_contacts_WD_NOnub_merge_all_dm6_NA_at_1000bp_Hetstate_local_rescaled.clpy 67 65 0.938955
hic_contacts_WD_NOnub_merge_all_dm6_NA_at_1000bp_Hetstate_local_rescaled.clpy 67 66 nan
hic_contacts_WD_NOnub_merge_all_dm6_NA_at_1000bp_Hetstate_local_rescaled.clpy 67 67 nan
hic_contacts_WD_NOnub_merge_all_dm6_NA_at_1000bp_Hetstate_local_rescaled.clpy 67 68 nan
hic_contacts_WD_NOnub_merge_all_dm6_NA_at_1000bp_Hetstate_local_rescaled.clpy 67 69 0.836127
hic_contacts_WD_NOnub_merge_all_dm6_NA_at_1000bp_Hetstate_local_rescaled.clpy 68 60 0.834102
hic_contacts_WD_NOnub_merge_all_dm6_NA_at_1000bp_Hetstate_local_rescaled.clpy 68 61 0.813909
hic_contacts_WD_NOnub_merge_all_dm6_NA_at_1000bp_Hetstate_local_rescaled.clpy 68 62 0.786477
hic_contacts_WD_NOnub_merge_all_dm6_NA_at_1000bp_Hetstate_local_rescaled.clpy 68 63 0.814377
hic_contacts_WD_NOnub_merge_all_dm6_NA_at_1000bp_Hetstate_local_rescaled.clpy 68 64 0.867016
hic_contacts_WD_NOnub_merge_all_dm6_NA_at_1000bp_Hetstate_local_rescaled.clpy 68 65 0.815859
hic_contacts_WD_NOnub_merge_all_dm6_NA_at_1000bp_Hetstate_local_rescaled.clpy 68 66 1.015999
hic_contacts_WD_NOnub_merge_all_dm6_NA_at_1000bp_Hetstate_local_rescaled.clpy 68 67 nan
hic_contacts_WD_NOnub_merge_all_dm6_NA_at_1000bp_Hetstate_local_rescaled.clpy 68 68 nan
hic_contacts_WD_NOnub_merge_all_dm6_NA_at_1000bp_Hetstate_local_rescaled.clpy 68 69 nan
hic_contacts_WD_NOnub_merge_all_dm6_NA_at_1000bp_Hetstate_local_rescaled.clpy 69 60 0.856509
hic_contacts_WD_NOnub_merge_all_dm6_NA_at_1000bp_Hetstate_local_rescaled.clpy 69 61 0.791828
hic_contacts_WD_NOnub_merge_all_dm6_NA_at_1000bp_Hetstate_local_rescaled.clpy 69 62 0.805960
hic_contacts_WD_NOnub_merge_all_dm6_NA_at_1000bp_Hetstate_local_rescaled.clpy 69 63 0.870767
hic_contacts_WD_NOnub_merge_all_dm6_NA_at_1000bp_Hetstate_local_rescaled.clpy 69 64 0.761408
hic_contacts_WD_NOnub_merge_all_dm6_NA_at_1000bp_Hetstate_local_rescaled.clpy 69 65 0.786811
hic_contacts_WD_NOnub_merge_all_dm6_NA_at_1000bp_Hetstate_local_rescaled.clpy 69 66 0.977724
hic_contacts_WD_NOnub_merge_all_dm6_NA_at_1000bp_Hetstate_local_rescaled.clpy 69 67 0.836127
hic_contacts_WD_NOnub_merge_all_dm6_NA_at_1000bp_Hetstate_local_rescaled.clpy 69 68 nan
hic_contacts_WD_NOnub_merge_all_dm6_NA_at_1000bp_Hetstate_local_rescaled.clpy 69 69 nan
