hic_contacts_WD_NOnub_merge_all_dm6_NA_at_1000bp_Allstate_local_rescaled.clpy 60 60 0.000000
hic_contacts_WD_NOnub_merge_all_dm6_NA_at_1000bp_Allstate_local_rescaled.clpy 60 61 0.000000
hic_contacts_WD_NOnub_merge_all_dm6_NA_at_1000bp_Allstate_local_rescaled.clpy 60 62 1.004306
hic_contacts_WD_NOnub_merge_all_dm6_NA_at_1000bp_Allstate_local_rescaled.clpy 60 63 1.093571
hic_contacts_WD_NOnub_merge_all_dm6_NA_at_1000bp_Allstate_local_rescaled.clpy 60 64 1.133143
hic_contacts_WD_NOnub_merge_all_dm6_NA_at_1000bp_Allstate_local_rescaled.clpy 60 65 1.120448
hic_contacts_WD_NOnub_merge_all_dm6_NA_at_1000bp_Allstate_local_rescaled.clpy 60 66 0.952796
hic_contacts_WD_NOnub_merge_all_dm6_NA_at_1000bp_Allstate_local_rescaled.clpy 60 67 0.867689
hic_contacts_WD_NOnub_merge_all_dm6_NA_at_1000bp_Allstate_local_rescaled.clpy 60 68 0.845547
hic_contacts_WD_NOnub_merge_all_dm6_NA_at_1000bp_Allstate_local_rescaled.clpy 60 69 0.836601
hic_contacts_WD_NOnub_merge_all_dm6_NA_at_1000bp_Allstate_local_rescaled.clpy 61 60 0.000000
hic_contacts_WD_NOnub_merge_all_dm6_NA_at_1000bp_Allstate_local_rescaled.clpy 61 61 0.000000
hic_contacts_WD_NOnub_merge_all_dm6_NA_at_1000bp_Allstate_local_rescaled.clpy 61 62 0.000000
hic_contacts_WD_NOnub_merge_all_dm6_NA_at_1000bp_Allstate_local_rescaled.clpy 61 63 1.029701
hic_contacts_WD_NOnub_merge_all_dm6_NA_at_1000bp_Allstate_local_rescaled.clpy 61 64 1.125161
hic_contacts_WD_NOnub_merge_all_dm6_NA_at_1000bp_Allstate_local_rescaled.clpy 61 65 1.140239
hic_contacts_WD_NOnub_merge_all_dm6_NA_at_1000bp_Allstate_local_rescaled.clpy 61 66 0.958476
hic_contacts_WD_NOnub_merge_all_dm6_NA_at_1000bp_Allstate_local_rescaled.clpy 61 67 0.859221
hic_contacts_WD_NOnub_merge_all_dm6_NA_at_1000bp_Allstate_local_rescaled.clpy 61 68 0.846731
hic_contacts_WD_NOnub_merge_all_dm6_NA_at_1000bp_Allstate_local_rescaled.clpy 61 69 0.833909
hic_contacts_WD_NOnub_merge_all_dm6_NA_at_1000bp_Allstate_local_rescaled.clpy 62 60 1.004306
hic_contacts_WD_NOnub_merge_all_dm6_NA_at_1000bp_Allstate_local_rescaled.clpy 62 61 0.000000
hic_contacts_WD_NOnub_merge_all_dm6_NA_at_1000bp_Allstate_local_rescaled.clpy 62 62 0.000000
hic_contacts_WD_NOnub_merge_all_dm6_NA_at_1000bp_Allstate_local_rescaled.clpy 62 63 0.000000
hic_contacts_WD_NOnub_merge_all_dm6_NA_at_1000bp_Allstate_local_rescaled.clpy 62 64 1.044682
hic_contacts_WD_NOnub_merge_all_dm6_NA_at_1000bp_Allstate_local_rescaled.clpy 62 65 1.116546
hic_contacts_WD_NOnub_merge_all_dm6_NA_at_1000bp_Allstate_local_rescaled.clpy 62 66 0.944564
hic_contacts_WD_NOnub_merge_all_dm6_NA_at_1000bp_Allstate_local_rescaled.clpy 62 67 0.874353
hic_contacts_WD_NOnub_merge_all_dm6_NA_at_1000bp_Allstate_local_rescaled.clpy 62 68 0.868296
hic_contacts_WD_NOnub_merge_all_dm6_NA_at_1000bp_Allstate_local_rescaled.clpy 62 69 0.855328
hic_contacts_WD_NOnub_merge_all_dm6_NA_at_1000bp_Allstate_local_rescaled.clpy 63 60 1.093571
hic_contacts_WD_NOnub_merge_all_dm6_NA_at_1000bp_Allstate_local_rescaled.clpy 63 61 1.029701
hic_contacts_WD_NOnub_merge_all_dm6_NA_at_1000bp_Allstate_local_rescaled.clpy 63 62 0.000000
hic_contacts_WD_NOnub_merge_all_dm6_NA_at_1000bp_Allstate_local_rescaled.clpy 63 63 0.000000
hic_contacts_WD_NOnub_merge_all_dm6_NA_at_1000bp_Allstate_local_rescaled.clpy 63 64 0.000000
hic_contacts_WD_NOnub_merge_all_dm6_NA_at_1000bp_Allstate_local_rescaled.clpy 63 65 1.103159
hic_contacts_WD_NOnub_merge_all_dm6_NA_at_1000bp_Allstate_local_rescaled.clpy 63 66 0.947909
hic_contacts_WD_NOnub_merge_all_dm6_NA_at_1000bp_Allstate_local_rescaled.clpy 63 67 0.878664
hic_contacts_WD_NOnub_merge_all_dm6_NA_at_1000bp_Allstate_local_rescaled.clpy 63 68 0.877703
hic_contacts_WD_NOnub_merge_all_dm6_NA_at_1000bp_Allstate_local_rescaled.clpy 63 69 0.859708
hic_contacts_WD_NOnub_merge_all_dm6_NA_at_1000bp_Allstate_local_rescaled.clpy 64 60 1.133143
hic_contacts_WD_NOnub_merge_all_dm6_NA_at_1000bp_Allstate_local_rescaled.clpy 64 61 1.125161
hic_contacts_WD_NOnub_merge_all_dm6_NA_at_1000bp_Allstate_local_rescaled.clpy 64 62 1.044682
hic_contacts_WD_NOnub_merge_all_dm6_NA_at_1000bp_Allstate_local_rescaled.clpy 64 63 0.000000
hic_contacts_WD_NOnub_merge_all_dm6_NA_at_1000bp_Allstate_local_rescaled.clpy 64 64 0.000000
hic_contacts_WD_NOnub_merge_all_dm6_NA_at_1000bp_Allstate_local_rescaled.clpy 64 65 0.000000
hic_contacts_WD_NOnub_merge_all_dm6_NA_at_1000bp_Allstate_local_rescaled.clpy 64 66 0.878274
hic_contacts_WD_NOnub_merge_all_dm6_NA_at_1000bp_Allstate_local_rescaled.clpy 64 67 0.890722
hic_contacts_WD_NOnub_merge_all_dm6_NA_at_1000bp_Allstate_local_rescaled.clpy 64 68 0.885703
hic_contacts_WD_NOnub_merge_all_dm6_NA_at_1000bp_Allstate_local_rescaled.clpy 64 69 0.865893
hic_contacts_WD_NOnub_merge_all_dm6_NA_at_1000bp_Allstate_local_rescaled.clpy 65 60 1.120448
hic_contacts_WD_NOnub_merge_all_dm6_NA_at_1000bp_Allstate_local_rescaled.clpy 65 61 1.140239
hic_contacts_WD_NOnub_merge_all_dm6_NA_at_1000bp_Allstate_local_rescaled.clpy 65 62 1.116546
hic_contacts_WD_NOnub_merge_all_dm6_NA_at_1000bp_Allstate_local_rescaled.clpy 65 63 1.103159
hic_contacts_WD_NOnub_merge_all_dm6_NA_at_1000bp_Allstate_local_rescaled.clpy 65 64 0.000000
hic_contacts_WD_NOnub_merge_all_dm6_NA_at_1000bp_Allstate_local_rescaled.clpy 65 65 0.000000
hic_contacts_WD_NOnub_merge_all_dm6_NA_at_1000bp_Allstate_local_rescaled.clpy 65 66 0.000000
hic_contacts_WD_NOnub_merge_all_dm6_NA_at_1000bp_Allstate_local_rescaled.clpy 65 67 0.877963
hic_contacts_WD_NOnub_merge_all_dm6_NA_at_1000bp_Allstate_local_rescaled.clpy 65 68 0.880669
hic_contacts_WD_NOnub_merge_all_dm6_NA_at_1000bp_Allstate_local_rescaled.clpy 65 69 0.872524
hic_contacts_WD_NOnub_merge_all_dm6_NA_at_1000bp_Allstate_local_rescaled.clpy 66 60 0.952796
hic_contacts_WD_NOnub_merge_all_dm6_NA_at_1000bp_Allstate_local_rescaled.clpy 66 61 0.958476
hic_contacts_WD_NOnub_merge_all_dm6_NA_at_1000bp_Allstate_local_rescaled.clpy 66 62 0.944564
hic_contacts_WD_NOnub_merge_all_dm6_NA_at_1000bp_Allstate_local_rescaled.clpy 66 63 0.947909
hic_contacts_WD_NOnub_merge_all_dm6_NA_at_1000bp_Allstate_local_rescaled.clpy 66 64 0.878274
hic_contacts_WD_NOnub_merge_all_dm6_NA_at_1000bp_Allstate_local_rescaled.clpy 66 65 0.000000
hic_contacts_WD_NOnub_merge_all_dm6_NA_at_1000bp_Allstate_local_rescaled.clpy 66 66 0.000000
hic_contacts_WD_NOnub_merge_all_dm6_NA_at_1000bp_Allstate_local_rescaled.clpy 66 67 0.000000
hic_contacts_WD_NOnub_merge_all_dm6_NA_at_1000bp_Allstate_local_rescaled.clpy 66 68 1.042607
hic_contacts_WD_NOnub_merge_all_dm6_NA_at_1000bp_Allstate_local_rescaled.clpy 66 69 1.018363
hic_contacts_WD_NOnub_merge_all_dm6_NA_at_1000bp_Allstate_local_rescaled.clpy 67 60 0.867689
hic_contacts_WD_NOnub_merge_all_dm6_NA_at_1000bp_Allstate_local_rescaled.clpy 67 61 0.859221
hic_contacts_WD_NOnub_merge_all_dm6_NA_at_1000bp_Allstate_local_rescaled.clpy 67 62 0.874353
hic_contacts_WD_NOnub_merge_all_dm6_NA_at_1000bp_Allstate_local_rescaled.clpy 67 63 0.878664
hic_contacts_WD_NOnub_merge_all_dm6_NA_at_1000bp_Allstate_local_rescaled.clpy 67 64 0.890722
hic_contacts_WD_NOnub_merge_all_dm6_NA_at_1000bp_Allstate_local_rescaled.clpy 67 65 0.877963
hic_contacts_WD_NOnub_merge_all_dm6_NA_at_1000bp_Allstate_local_rescaled.clpy 67 66 0.000000
hic_contacts_WD_NOnub_merge_all_dm6_NA_at_1000bp_Allstate_local_rescaled.clpy 67 67 0.000000
hic_contacts_WD_NOnub_merge_all_dm6_NA_at_1000bp_Allstate_local_rescaled.clpy 67 68 0.000000
hic_contacts_WD_NOnub_merge_all_dm6_NA_at_1000bp_Allstate_local_rescaled.clpy 67 69 1.096925
hic_contacts_WD_NOnub_merge_all_dm6_NA_at_1000bp_Allstate_local_rescaled.clpy 68 60 0.845547
hic_contacts_WD_NOnub_merge_all_dm6_NA_at_1000bp_Allstate_local_rescaled.clpy 68 61 0.846731
hic_contacts_WD_NOnub_merge_all_dm6_NA_at_1000bp_Allstate_local_rescaled.clpy 68 62 0.868296
hic_contacts_WD_NOnub_merge_all_dm6_NA_at_1000bp_Allstate_local_rescaled.clpy 68 63 0.877703
hic_contacts_WD_NOnub_merge_all_dm6_NA_at_1000bp_Allstate_local_rescaled.clpy 68 64 0.885703
hic_contacts_WD_NOnub_merge_all_dm6_NA_at_1000bp_Allstate_local_rescaled.clpy 68 65 0.880669
hic_contacts_WD_NOnub_merge_all_dm6_NA_at_1000bp_Allstate_local_rescaled.clpy 68 66 1.042607
hic_contacts_WD_NOnub_merge_all_dm6_NA_at_1000bp_Allstate_local_rescaled.clpy 68 67 0.000000
hic_contacts_WD_NOnub_merge_all_dm6_NA_at_1000bp_Allstate_local_rescaled.clpy 68 68 0.000000
hic_contacts_WD_NOnub_merge_all_dm6_NA_at_1000bp_Allstate_local_rescaled.clpy 68 69 0.000000
hic_contacts_WD_NOnub_merge_all_dm6_NA_at_1000bp_Allstate_local_rescaled.clpy 69 60 0.836601
hic_contacts_WD_NOnub_merge_all_dm6_NA_at_1000bp_Allstate_local_rescaled.clpy 69 61 0.833909
hic_contacts_WD_NOnub_merge_all_dm6_NA_at_1000bp_Allstate_local_rescaled.clpy 69 62 0.855328
hic_contacts_WD_NOnub_merge_all_dm6_NA_at_1000bp_Allstate_local_rescaled.clpy 69 63 0.859708
hic_contacts_WD_NOnub_merge_all_dm6_NA_at_1000bp_Allstate_local_rescaled.clpy 69 64 0.865893
hic_contacts_WD_NOnub_merge_all_dm6_NA_at_1000bp_Allstate_local_rescaled.clpy 69 65 0.872524
hic_contacts_WD_NOnub_merge_all_dm6_NA_at_1000bp_Allstate_local_rescaled.clpy 69 66 1.018363
hic_contacts_WD_NOnub_merge_all_dm6_NA_at_1000bp_Allstate_local_rescaled.clpy 69 67 1.096925
hic_contacts_WD_NOnub_merge_all_dm6_NA_at_1000bp_Allstate_local_rescaled.clpy 69 68 0.000000
hic_contacts_WD_NOnub_merge_all_dm6_NA_at_1000bp_Allstate_local_rescaled.clpy 69 69 0.000000
