hic_contacts_WD_NOnub_merge_all_dm6_NA_at_1000bp_PcGstate_local_rescaled.clpy 60 60 nan
hic_contacts_WD_NOnub_merge_all_dm6_NA_at_1000bp_PcGstate_local_rescaled.clpy 60 61 nan
hic_contacts_WD_NOnub_merge_all_dm6_NA_at_1000bp_PcGstate_local_rescaled.clpy 60 62 0.941326
hic_contacts_WD_NOnub_merge_all_dm6_NA_at_1000bp_PcGstate_local_rescaled.clpy 60 63 1.068926
hic_contacts_WD_NOnub_merge_all_dm6_NA_at_1000bp_PcGstate_local_rescaled.clpy 60 64 1.094898
hic_contacts_WD_NOnub_merge_all_dm6_NA_at_1000bp_PcGstate_local_rescaled.clpy 60 65 1.097508
hic_contacts_WD_NOnub_merge_all_dm6_NA_at_1000bp_PcGstate_local_rescaled.clpy 60 66 0.881831
hic_contacts_WD_NOnub_merge_all_dm6_NA_at_1000bp_PcGstate_local_rescaled.clpy 60 67 0.788624
hic_contacts_WD_NOnub_merge_all_dm6_NA_at_1000bp_PcGstate_local_rescaled.clpy 60 68 0.789903
hic_contacts_WD_NOnub_merge_all_dm6_NA_at_1000bp_PcGstate_local_rescaled.clpy 60 69 0.760984
hic_contacts_WD_NOnub_merge_all_dm6_NA_at_1000bp_PcGstate_local_rescaled.clpy 61 60 nan
hic_contacts_WD_NOnub_merge_all_dm6_NA_at_1000bp_PcGstate_local_rescaled.clpy 61 61 nan
hic_contacts_WD_NOnub_merge_all_dm6_NA_at_1000bp_PcGstate_local_rescaled.clpy 61 62 nan
hic_contacts_WD_NOnub_merge_all_dm6_NA_at_1000bp_PcGstate_local_rescaled.clpy 61 63 0.995696
hic_contacts_WD_NOnub_merge_all_dm6_NA_at_1000bp_PcGstate_local_rescaled.clpy 61 64 1.084602
hic_contacts_WD_NOnub_merge_all_dm6_NA_at_1000bp_PcGstate_local_rescaled.clpy 61 65 1.090413
hic_contacts_WD_NOnub_merge_all_dm6_NA_at_1000bp_PcGstate_local_rescaled.clpy 61 66 0.882427
hic_contacts_WD_NOnub_merge_all_dm6_NA_at_1000bp_PcGstate_local_rescaled.clpy 61 67 0.793469
hic_contacts_WD_NOnub_merge_all_dm6_NA_at_1000bp_PcGstate_local_rescaled.clpy 61 68 0.785690
hic_contacts_WD_NOnub_merge_all_dm6_NA_at_1000bp_PcGstate_local_rescaled.clpy 61 69 0.750417
hic_contacts_WD_NOnub_merge_all_dm6_NA_at_1000bp_PcGstate_local_rescaled.clpy 62 60 0.941326
hic_contacts_WD_NOnub_merge_all_dm6_NA_at_1000bp_PcGstate_local_rescaled.clpy 62 61 nan
hic_contacts_WD_NOnub_merge_all_dm6_NA_at_1000bp_PcGstate_local_rescaled.clpy 62 62 nan
hic_contacts_WD_NOnub_merge_all_dm6_NA_at_1000bp_PcGstate_local_rescaled.clpy 62 63 nan
hic_contacts_WD_NOnub_merge_all_dm6_NA_at_1000bp_PcGstate_local_rescaled.clpy 62 64 1.007963
hic_contacts_WD_NOnub_merge_all_dm6_NA_at_1000bp_PcGstate_local_rescaled.clpy 62 65 1.081712
hic_contacts_WD_NOnub_merge_all_dm6_NA_at_1000bp_PcGstate_local_rescaled.clpy 62 66 0.883151
hic_contacts_WD_NOnub_merge_all_dm6_NA_at_1000bp_PcGstate_local_rescaled.clpy 62 67 0.774345
hic_contacts_WD_NOnub_merge_all_dm6_NA_at_1000bp_PcGstate_local_rescaled.clpy 62 68 0.813131
hic_contacts_WD_NOnub_merge_all_dm6_NA_at_1000bp_PcGstate_local_rescaled.clpy 62 69 0.810017
hic_contacts_WD_NOnub_merge_all_dm6_NA_at_1000bp_PcGstate_local_rescaled.clpy 63 60 1.068926
hic_contacts_WD_NOnub_merge_all_dm6_NA_at_1000bp_PcGstate_local_rescaled.clpy 63 61 0.995696
hic_contacts_WD_NOnub_merge_all_dm6_NA_at_1000bp_PcGstate_local_rescaled.clpy 63 62 nan
hic_contacts_WD_NOnub_merge_all_dm6_NA_at_1000bp_PcGstate_local_rescaled.clpy 63 63 nan
hic_contacts_WD_NOnub_merge_all_dm6_NA_at_1000bp_PcGstate_local_rescaled.clpy 63 64 nan
hic_contacts_WD_NOnub_merge_all_dm6_NA_at_1000bp_PcGstate_local_rescaled.clpy 63 65 1.105556
hic_contacts_WD_NOnub_merge_all_dm6_NA_at_1000bp_PcGstate_local_rescaled.clpy 63 66 0.876597
hic_contacts_WD_NOnub_merge_all_dm6_NA_at_1000bp_PcGstate_local_rescaled.clpy 63 67 0.846744
hic_contacts_WD_NOnub_merge_all_dm6_NA_at_1000bp_PcGstate_local_rescaled.clpy 63 68 0.840129
hic_contacts_WD_NOnub_merge_all_dm6_NA_at_1000bp_PcGstate_local_rescaled.clpy 63 69 0.817625
hic_contacts_WD_NOnub_merge_all_dm6_NA_at_1000bp_PcGstate_local_rescaled.clpy 64 60 1.094898
hic_contacts_WD_NOnub_merge_all_dm6_NA_at_1000bp_PcGstate_local_rescaled.clpy 64 61 1.084602
hic_contacts_WD_NOnub_merge_all_dm6_NA_at_1000bp_PcGstate_local_rescaled.clpy 64 62 1.007963
hic_contacts_WD_NOnub_merge_all_dm6_NA_at_1000bp_PcGstate_local_rescaled.clpy 64 63 nan
hic_contacts_WD_NOnub_merge_all_dm6_NA_at_1000bp_PcGstate_local_rescaled.clpy 64 64 nan
hic_contacts_WD_NOnub_merge_all_dm6_NA_at_1000bp_PcGstate_local_rescaled.clpy 64 65 nan
hic_contacts_WD_NOnub_merge_all_dm6_NA_at_1000bp_PcGstate_local_rescaled.clpy 64 66 0.914207
hic_contacts_WD_NOnub_merge_all_dm6_NA_at_1000bp_PcGstate_local_rescaled.clpy 64 67 0.898307
hic_contacts_WD_NOnub_merge_all_dm6_NA_at_1000bp_PcGstate_local_rescaled.clpy 64 68 0.848346
hic_contacts_WD_NOnub_merge_all_dm6_NA_at_1000bp_PcGstate_local_rescaled.clpy 64 69 0.851047
hic_contacts_WD_NOnub_merge_all_dm6_NA_at_1000bp_PcGstate_local_rescaled.clpy 65 60 1.097508
hic_contacts_WD_NOnub_merge_all_dm6_NA_at_1000bp_PcGstate_local_rescaled.clpy 65 61 1.090413
hic_contacts_WD_NOnub_merge_all_dm6_NA_at_1000bp_PcGstate_local_rescaled.clpy 65 62 1.081712
hic_contacts_WD_NOnub_merge_all_dm6_NA_at_1000bp_PcGstate_local_rescaled.clpy 65 63 1.105556
hic_contacts_WD_NOnub_merge_all_dm6_NA_at_1000bp_PcGstate_local_rescaled.clpy 65 64 nan
hic_contacts_WD_NOnub_merge_all_dm6_NA_at_1000bp_PcGstate_local_rescaled.clpy 65 65 nan
hic_contacts_WD_NOnub_merge_all_dm6_NA_at_1000bp_PcGstate_local_rescaled.clpy 65 66 nan
hic_contacts_WD_NOnub_merge_all_dm6_NA_at_1000bp_PcGstate_local_rescaled.clpy 65 67 0.952581
hic_contacts_WD_NOnub_merge_all_dm6_NA_at_1000bp_PcGstate_local_rescaled.clpy 65 68 0.885738
hic_contacts_WD_NOnub_merge_all_dm6_NA_at_1000bp_PcGstate_local_rescaled.clpy 65 69 0.882949
hic_contacts_WD_NOnub_merge_all_dm6_NA_at_1000bp_PcGstate_local_rescaled.clpy 66 60 0.881831
hic_contacts_WD_NOnub_merge_all_dm6_NA_at_1000bp_PcGstate_local_rescaled.clpy 66 61 0.882427
hic_contacts_WD_NOnub_merge_all_dm6_NA_at_1000bp_PcGstate_local_rescaled.clpy 66 62 0.883151
hic_contacts_WD_NOnub_merge_all_dm6_NA_at_1000bp_PcGstate_local_rescaled.clpy 66 63 0.876597
hic_contacts_WD_NOnub_merge_all_dm6_NA_at_1000bp_PcGstate_local_rescaled.clpy 66 64 0.914207
hic_contacts_WD_NOnub_merge_all_dm6_NA_at_1000bp_PcGstate_local_rescaled.clpy 66 65 nan
hic_contacts_WD_NOnub_merge_all_dm6_NA_at_1000bp_PcGstate_local_rescaled.clpy 66 66 nan
hic_contacts_WD_NOnub_merge_all_dm6_NA_at_1000bp_PcGstate_local_rescaled.clpy 66 67 nan
hic_contacts_WD_NOnub_merge_all_dm6_NA_at_1000bp_PcGstate_local_rescaled.clpy 66 68 1.135265
hic_contacts_WD_NOnub_merge_all_dm6_NA_at_1000bp_PcGstate_local_rescaled.clpy 66 69 1.098646
hic_contacts_WD_NOnub_merge_all_dm6_NA_at_1000bp_PcGstate_local_rescaled.clpy 67 60 0.788624
hic_contacts_WD_NOnub_merge_all_dm6_NA_at_1000bp_PcGstate_local_rescaled.clpy 67 61 0.793469
hic_contacts_WD_NOnub_merge_all_dm6_NA_at_1000bp_PcGstate_local_rescaled.clpy 67 62 0.774345
hic_contacts_WD_NOnub_merge_all_dm6_NA_at_1000bp_PcGstate_local_rescaled.clpy 67 63 0.846744
hic_contacts_WD_NOnub_merge_all_dm6_NA_at_1000bp_PcGstate_local_rescaled.clpy 67 64 0.898307
hic_contacts_WD_NOnub_merge_all_dm6_NA_at_1000bp_PcGstate_local_rescaled.clpy 67 65 0.952581
hic_contacts_WD_NOnub_merge_all_dm6_NA_at_1000bp_PcGstate_local_rescaled.clpy 67 66 nan
hic_contacts_WD_NOnub_merge_all_dm6_NA_at_1000bp_PcGstate_local_rescaled.clpy 67 67 nan
hic_contacts_WD_NOnub_merge_all_dm6_NA_at_1000bp_PcGstate_local_rescaled.clpy 67 68 nan
hic_contacts_WD_NOnub_merge_all_dm6_NA_at_1000bp_PcGstate_local_rescaled.clpy 67 69 1.123237
hic_contacts_WD_NOnub_merge_all_dm6_NA_at_1000bp_PcGstate_local_rescaled.clpy 68 60 0.789903
hic_contacts_WD_NOnub_merge_all_dm6_NA_at_1000bp_PcGstate_local_rescaled.clpy 68 61 0.785690
hic_contacts_WD_NOnub_merge_all_dm6_NA_at_1000bp_PcGstate_local_rescaled.clpy 68 62 0.813131
hic_contacts_WD_NOnub_merge_all_dm6_NA_at_1000bp_PcGstate_local_rescaled.clpy 68 63 0.840129
hic_contacts_WD_NOnub_merge_all_dm6_NA_at_1000bp_PcGstate_local_rescaled.clpy 68 64 0.848346
hic_contacts_WD_NOnub_merge_all_dm6_NA_at_1000bp_PcGstate_local_rescaled.clpy 68 65 0.885738
hic_contacts_WD_NOnub_merge_all_dm6_NA_at_1000bp_PcGstate_local_rescaled.clpy 68 66 1.135265
hic_contacts_WD_NOnub_merge_all_dm6_NA_at_1000bp_PcGstate_local_rescaled.clpy 68 67 nan
hic_contacts_WD_NOnub_merge_all_dm6_NA_at_1000bp_PcGstate_local_rescaled.clpy 68 68 nan
hic_contacts_WD_NOnub_merge_all_dm6_NA_at_1000bp_PcGstate_local_rescaled.clpy 68 69 nan
hic_contacts_WD_NOnub_merge_all_dm6_NA_at_1000bp_PcGstate_local_rescaled.clpy 69 60 0.760984
hic_contacts_WD_NOnub_merge_all_dm6_NA_at_1000bp_PcGstate_local_rescaled.clpy 69 61 0.750417
hic_contacts_WD_NOnub_merge_all_dm6_NA_at_1000bp_PcGstate_local_rescaled.clpy 69 62 0.810017
hic_contacts_WD_NOnub_merge_all_dm6_NA_at_1000bp_PcGstate_local_rescaled.clpy 69 63 0.817625
hic_contacts_WD_NOnub_merge_all_dm6_NA_at_1000bp_PcGstate_local_rescaled.clpy 69 64 0.851047
hic_contacts_WD_NOnub_merge_all_dm6_NA_at_1000bp_PcGstate_local_rescaled.clpy 69 65 0.882949
hic_contacts_WD_NOnub_merge_all_dm6_NA_at_1000bp_PcGstate_local_rescaled.clpy 69 66 1.098646
hic_contacts_WD_NOnub_merge_all_dm6_NA_at_1000bp_PcGstate_local_rescaled.clpy 69 67 1.123237
hic_contacts_WD_NOnub_merge_all_dm6_NA_at_1000bp_PcGstate_local_rescaled.clpy 69 68 nan
hic_contacts_WD_NOnub_merge_all_dm6_NA_at_1000bp_PcGstate_local_rescaled.clpy 69 69 nan
