hic_contacts_WD_NOnub_merge_all_dm6_NA_at_1000bp_PcGstate_local_rescaled.clpy 28 28 nan
hic_contacts_WD_NOnub_merge_all_dm6_NA_at_1000bp_PcGstate_local_rescaled.clpy 28 29 nan
hic_contacts_WD_NOnub_merge_all_dm6_NA_at_1000bp_PcGstate_local_rescaled.clpy 28 30 1.094598
hic_contacts_WD_NOnub_merge_all_dm6_NA_at_1000bp_PcGstate_local_rescaled.clpy 28 31 1.134856
hic_contacts_WD_NOnub_merge_all_dm6_NA_at_1000bp_PcGstate_local_rescaled.clpy 28 32 1.074847
hic_contacts_WD_NOnub_merge_all_dm6_NA_at_1000bp_PcGstate_local_rescaled.clpy 28 33 0.882900
hic_contacts_WD_NOnub_merge_all_dm6_NA_at_1000bp_PcGstate_local_rescaled.clpy 28 34 0.809048
hic_contacts_WD_NOnub_merge_all_dm6_NA_at_1000bp_PcGstate_local_rescaled.clpy 28 35 0.794019
hic_contacts_WD_NOnub_merge_all_dm6_NA_at_1000bp_PcGstate_local_rescaled.clpy 28 36 0.818190
hic_contacts_WD_NOnub_merge_all_dm6_NA_at_1000bp_PcGstate_local_rescaled.clpy 28 37 0.748348
hic_contacts_WD_NOnub_merge_all_dm6_NA_at_1000bp_PcGstate_local_rescaled.clpy 29 28 nan
hic_contacts_WD_NOnub_merge_all_dm6_NA_at_1000bp_PcGstate_local_rescaled.clpy 29 29 nan
hic_contacts_WD_NOnub_merge_all_dm6_NA_at_1000bp_PcGstate_local_rescaled.clpy 29 30 nan
hic_contacts_WD_NOnub_merge_all_dm6_NA_at_1000bp_PcGstate_local_rescaled.clpy 29 31 1.159117
hic_contacts_WD_NOnub_merge_all_dm6_NA_at_1000bp_PcGstate_local_rescaled.clpy 29 32 1.107212
hic_contacts_WD_NOnub_merge_all_dm6_NA_at_1000bp_PcGstate_local_rescaled.clpy 29 33 0.874786
hic_contacts_WD_NOnub_merge_all_dm6_NA_at_1000bp_PcGstate_local_rescaled.clpy 29 34 0.809958
hic_contacts_WD_NOnub_merge_all_dm6_NA_at_1000bp_PcGstate_local_rescaled.clpy 29 35 0.808858
hic_contacts_WD_NOnub_merge_all_dm6_NA_at_1000bp_PcGstate_local_rescaled.clpy 29 36 0.808633
hic_contacts_WD_NOnub_merge_all_dm6_NA_at_1000bp_PcGstate_local_rescaled.clpy 29 37 0.754013
hic_contacts_WD_NOnub_merge_all_dm6_NA_at_1000bp_PcGstate_local_rescaled.clpy 30 28 1.094598
hic_contacts_WD_NOnub_merge_all_dm6_NA_at_1000bp_PcGstate_local_rescaled.clpy 30 29 nan
hic_contacts_WD_NOnub_merge_all_dm6_NA_at_1000bp_PcGstate_local_rescaled.clpy 30 30 nan
hic_contacts_WD_NOnub_merge_all_dm6_NA_at_1000bp_PcGstate_local_rescaled.clpy 30 31 nan
hic_contacts_WD_NOnub_merge_all_dm6_NA_at_1000bp_PcGstate_local_rescaled.clpy 30 32 1.083688
hic_contacts_WD_NOnub_merge_all_dm6_NA_at_1000bp_PcGstate_local_rescaled.clpy 30 33 0.889706
hic_contacts_WD_NOnub_merge_all_dm6_NA_at_1000bp_PcGstate_local_rescaled.clpy 30 34 0.833374
hic_contacts_WD_NOnub_merge_all_dm6_NA_at_1000bp_PcGstate_local_rescaled.clpy 30 35 0.812913
hic_contacts_WD_NOnub_merge_all_dm6_NA_at_1000bp_PcGstate_local_rescaled.clpy 30 36 0.802058
hic_contacts_WD_NOnub_merge_all_dm6_NA_at_1000bp_PcGstate_local_rescaled.clpy 30 37 0.779325
hic_contacts_WD_NOnub_merge_all_dm6_NA_at_1000bp_PcGstate_local_rescaled.clpy 31 28 1.134856
hic_contacts_WD_NOnub_merge_all_dm6_NA_at_1000bp_PcGstate_local_rescaled.clpy 31 29 1.159117
hic_contacts_WD_NOnub_merge_all_dm6_NA_at_1000bp_PcGstate_local_rescaled.clpy 31 30 nan
hic_contacts_WD_NOnub_merge_all_dm6_NA_at_1000bp_PcGstate_local_rescaled.clpy 31 31 nan
hic_contacts_WD_NOnub_merge_all_dm6_NA_at_1000bp_PcGstate_local_rescaled.clpy 31 32 nan
hic_contacts_WD_NOnub_merge_all_dm6_NA_at_1000bp_PcGstate_local_rescaled.clpy 31 33 0.824327
hic_contacts_WD_NOnub_merge_all_dm6_NA_at_1000bp_PcGstate_local_rescaled.clpy 31 34 0.828128
hic_contacts_WD_NOnub_merge_all_dm6_NA_at_1000bp_PcGstate_local_rescaled.clpy 31 35 0.824179
hic_contacts_WD_NOnub_merge_all_dm6_NA_at_1000bp_PcGstate_local_rescaled.clpy 31 36 0.819561
hic_contacts_WD_NOnub_merge_all_dm6_NA_at_1000bp_PcGstate_local_rescaled.clpy 31 37 0.819317
hic_contacts_WD_NOnub_merge_all_dm6_NA_at_1000bp_PcGstate_local_rescaled.clpy 32 28 1.074847
hic_contacts_WD_NOnub_merge_all_dm6_NA_at_1000bp_PcGstate_local_rescaled.clpy 32 29 1.107212
hic_contacts_WD_NOnub_merge_all_dm6_NA_at_1000bp_PcGstate_local_rescaled.clpy 32 30 1.083688
hic_contacts_WD_NOnub_merge_all_dm6_NA_at_1000bp_PcGstate_local_rescaled.clpy 32 31 nan
hic_contacts_WD_NOnub_merge_all_dm6_NA_at_1000bp_PcGstate_local_rescaled.clpy 32 32 nan
hic_contacts_WD_NOnub_merge_all_dm6_NA_at_1000bp_PcGstate_local_rescaled.clpy 32 33 nan
hic_contacts_WD_NOnub_merge_all_dm6_NA_at_1000bp_PcGstate_local_rescaled.clpy 32 34 0.785589
hic_contacts_WD_NOnub_merge_all_dm6_NA_at_1000bp_PcGstate_local_rescaled.clpy 32 35 0.833680
hic_contacts_WD_NOnub_merge_all_dm6_NA_at_1000bp_PcGstate_local_rescaled.clpy 32 36 0.793116
hic_contacts_WD_NOnub_merge_all_dm6_NA_at_1000bp_PcGstate_local_rescaled.clpy 32 37 0.809427
hic_contacts_WD_NOnub_merge_all_dm6_NA_at_1000bp_PcGstate_local_rescaled.clpy 33 28 0.882900
hic_contacts_WD_NOnub_merge_all_dm6_NA_at_1000bp_PcGstate_local_rescaled.clpy 33 29 0.874786
hic_contacts_WD_NOnub_merge_all_dm6_NA_at_1000bp_PcGstate_local_rescaled.clpy 33 30 0.889706
hic_contacts_WD_NOnub_merge_all_dm6_NA_at_1000bp_PcGstate_local_rescaled.clpy 33 31 0.824327
hic_contacts_WD_NOnub_merge_all_dm6_NA_at_1000bp_PcGstate_local_rescaled.clpy 33 32 nan
hic_contacts_WD_NOnub_merge_all_dm6_NA_at_1000bp_PcGstate_local_rescaled.clpy 33 33 nan
hic_contacts_WD_NOnub_merge_all_dm6_NA_at_1000bp_PcGstate_local_rescaled.clpy 33 34 nan
hic_contacts_WD_NOnub_merge_all_dm6_NA_at_1000bp_PcGstate_local_rescaled.clpy 33 35 1.093935
hic_contacts_WD_NOnub_merge_all_dm6_NA_at_1000bp_PcGstate_local_rescaled.clpy 33 36 1.010349
hic_contacts_WD_NOnub_merge_all_dm6_NA_at_1000bp_PcGstate_local_rescaled.clpy 33 37 0.995946
hic_contacts_WD_NOnub_merge_all_dm6_NA_at_1000bp_PcGstate_local_rescaled.clpy 34 28 0.809048
hic_contacts_WD_NOnub_merge_all_dm6_NA_at_1000bp_PcGstate_local_rescaled.clpy 34 29 0.809958
hic_contacts_WD_NOnub_merge_all_dm6_NA_at_1000bp_PcGstate_local_rescaled.clpy 34 30 0.833374
hic_contacts_WD_NOnub_merge_all_dm6_NA_at_1000bp_PcGstate_local_rescaled.clpy 34 31 0.828128
hic_contacts_WD_NOnub_merge_all_dm6_NA_at_1000bp_PcGstate_local_rescaled.clpy 34 32 0.785589
hic_contacts_WD_NOnub_merge_all_dm6_NA_at_1000bp_PcGstate_local_rescaled.clpy 34 33 nan
hic_contacts_WD_NOnub_merge_all_dm6_NA_at_1000bp_PcGstate_local_rescaled.clpy 34 34 nan
hic_contacts_WD_NOnub_merge_all_dm6_NA_at_1000bp_PcGstate_local_rescaled.clpy 34 35 nan
hic_contacts_WD_NOnub_merge_all_dm6_NA_at_1000bp_PcGstate_local_rescaled.clpy 34 36 1.022612
hic_contacts_WD_NOnub_merge_all_dm6_NA_at_1000bp_PcGstate_local_rescaled.clpy 34 37 1.060124
hic_contacts_WD_NOnub_merge_all_dm6_NA_at_1000bp_PcGstate_local_rescaled.clpy 35 28 0.794019
hic_contacts_WD_NOnub_merge_all_dm6_NA_at_1000bp_PcGstate_local_rescaled.clpy 35 29 0.808858
hic_contacts_WD_NOnub_merge_all_dm6_NA_at_1000bp_PcGstate_local_rescaled.clpy 35 30 0.812913
hic_contacts_WD_NOnub_merge_all_dm6_NA_at_1000bp_PcGstate_local_rescaled.clpy 35 31 0.824179
hic_contacts_WD_NOnub_merge_all_dm6_NA_at_1000bp_PcGstate_local_rescaled.clpy 35 32 0.833680
hic_contacts_WD_NOnub_merge_all_dm6_NA_at_1000bp_PcGstate_local_rescaled.clpy 35 33 1.093935
hic_contacts_WD_NOnub_merge_all_dm6_NA_at_1000bp_PcGstate_local_rescaled.clpy 35 34 nan
hic_contacts_WD_NOnub_merge_all_dm6_NA_at_1000bp_PcGstate_local_rescaled.clpy 35 35 nan
hic_contacts_WD_NOnub_merge_all_dm6_NA_at_1000bp_PcGstate_local_rescaled.clpy 35 36 nan
hic_contacts_WD_NOnub_merge_all_dm6_NA_at_1000bp_PcGstate_local_rescaled.clpy 35 37 0.993284
hic_contacts_WD_NOnub_merge_all_dm6_NA_at_1000bp_PcGstate_local_rescaled.clpy 36 28 0.818190
hic_contacts_WD_NOnub_merge_all_dm6_NA_at_1000bp_PcGstate_local_rescaled.clpy 36 29 0.808633
hic_contacts_WD_NOnub_merge_all_dm6_NA_at_1000bp_PcGstate_local_rescaled.clpy 36 30 0.802058
hic_contacts_WD_NOnub_merge_all_dm6_NA_at_1000bp_PcGstate_local_rescaled.clpy 36 31 0.819561
hic_contacts_WD_NOnub_merge_all_dm6_NA_at_1000bp_PcGstate_local_rescaled.clpy 36 32 0.793116
hic_contacts_WD_NOnub_merge_all_dm6_NA_at_1000bp_PcGstate_local_rescaled.clpy 36 33 1.010349
hic_contacts_WD_NOnub_merge_all_dm6_NA_at_1000bp_PcGstate_local_rescaled.clpy 36 34 1.022612
hic_contacts_WD_NOnub_merge_all_dm6_NA_at_1000bp_PcGstate_local_rescaled.clpy 36 35 nan
hic_contacts_WD_NOnub_merge_all_dm6_NA_at_1000bp_PcGstate_local_rescaled.clpy 36 36 nan
hic_contacts_WD_NOnub_merge_all_dm6_NA_at_1000bp_PcGstate_local_rescaled.clpy 36 37 nan
hic_contacts_WD_NOnub_merge_all_dm6_NA_at_1000bp_PcGstate_local_rescaled.clpy 37 28 0.748348
hic_contacts_WD_NOnub_merge_all_dm6_NA_at_1000bp_PcGstate_local_rescaled.clpy 37 29 0.754013
hic_contacts_WD_NOnub_merge_all_dm6_NA_at_1000bp_PcGstate_local_rescaled.clpy 37 30 0.779325
hic_contacts_WD_NOnub_merge_all_dm6_NA_at_1000bp_PcGstate_local_rescaled.clpy 37 31 0.819317
hic_contacts_WD_NOnub_merge_all_dm6_NA_at_1000bp_PcGstate_local_rescaled.clpy 37 32 0.809427
hic_contacts_WD_NOnub_merge_all_dm6_NA_at_1000bp_PcGstate_local_rescaled.clpy 37 33 0.995946
hic_contacts_WD_NOnub_merge_all_dm6_NA_at_1000bp_PcGstate_local_rescaled.clpy 37 34 1.060124
hic_contacts_WD_NOnub_merge_all_dm6_NA_at_1000bp_PcGstate_local_rescaled.clpy 37 35 0.993284
hic_contacts_WD_NOnub_merge_all_dm6_NA_at_1000bp_PcGstate_local_rescaled.clpy 37 36 nan
hic_contacts_WD_NOnub_merge_all_dm6_NA_at_1000bp_PcGstate_local_rescaled.clpy 37 37 nan
