hic_contacts_WD_SUMOnub_merge_all_dm6_NA_at_1000bp_Hetstate_local_rescaled.clpy 28 28 nan
hic_contacts_WD_SUMOnub_merge_all_dm6_NA_at_1000bp_Hetstate_local_rescaled.clpy 28 29 nan
hic_contacts_WD_SUMOnub_merge_all_dm6_NA_at_1000bp_Hetstate_local_rescaled.clpy 28 30 1.195255
hic_contacts_WD_SUMOnub_merge_all_dm6_NA_at_1000bp_Hetstate_local_rescaled.clpy 28 31 1.120180
hic_contacts_WD_SUMOnub_merge_all_dm6_NA_at_1000bp_Hetstate_local_rescaled.clpy 28 32 1.064925
hic_contacts_WD_SUMOnub_merge_all_dm6_NA_at_1000bp_Hetstate_local_rescaled.clpy 28 33 0.972476
hic_contacts_WD_SUMOnub_merge_all_dm6_NA_at_1000bp_Hetstate_local_rescaled.clpy 28 34 0.943704
hic_contacts_WD_SUMOnub_merge_all_dm6_NA_at_1000bp_Hetstate_local_rescaled.clpy 28 35 0.863512
hic_contacts_WD_SUMOnub_merge_all_dm6_NA_at_1000bp_Hetstate_local_rescaled.clpy 28 36 0.877686
hic_contacts_WD_SUMOnub_merge_all_dm6_NA_at_1000bp_Hetstate_local_rescaled.clpy 28 37 0.823870
hic_contacts_WD_SUMOnub_merge_all_dm6_NA_at_1000bp_Hetstate_local_rescaled.clpy 29 28 nan
hic_contacts_WD_SUMOnub_merge_all_dm6_NA_at_1000bp_Hetstate_local_rescaled.clpy 29 29 nan
hic_contacts_WD_SUMOnub_merge_all_dm6_NA_at_1000bp_Hetstate_local_rescaled.clpy 29 30 nan
hic_contacts_WD_SUMOnub_merge_all_dm6_NA_at_1000bp_Hetstate_local_rescaled.clpy 29 31 1.065367
hic_contacts_WD_SUMOnub_merge_all_dm6_NA_at_1000bp_Hetstate_local_rescaled.clpy 29 32 1.095982
hic_contacts_WD_SUMOnub_merge_all_dm6_NA_at_1000bp_Hetstate_local_rescaled.clpy 29 33 0.974976
hic_contacts_WD_SUMOnub_merge_all_dm6_NA_at_1000bp_Hetstate_local_rescaled.clpy 29 34 0.952994
hic_contacts_WD_SUMOnub_merge_all_dm6_NA_at_1000bp_Hetstate_local_rescaled.clpy 29 35 0.950302
hic_contacts_WD_SUMOnub_merge_all_dm6_NA_at_1000bp_Hetstate_local_rescaled.clpy 29 36 0.918698
hic_contacts_WD_SUMOnub_merge_all_dm6_NA_at_1000bp_Hetstate_local_rescaled.clpy 29 37 0.850436
hic_contacts_WD_SUMOnub_merge_all_dm6_NA_at_1000bp_Hetstate_local_rescaled.clpy 30 28 1.195255
hic_contacts_WD_SUMOnub_merge_all_dm6_NA_at_1000bp_Hetstate_local_rescaled.clpy 30 29 nan
hic_contacts_WD_SUMOnub_merge_all_dm6_NA_at_1000bp_Hetstate_local_rescaled.clpy 30 30 nan
hic_contacts_WD_SUMOnub_merge_all_dm6_NA_at_1000bp_Hetstate_local_rescaled.clpy 30 31 nan
hic_contacts_WD_SUMOnub_merge_all_dm6_NA_at_1000bp_Hetstate_local_rescaled.clpy 30 32 1.166569
hic_contacts_WD_SUMOnub_merge_all_dm6_NA_at_1000bp_Hetstate_local_rescaled.clpy 30 33 0.829865
hic_contacts_WD_SUMOnub_merge_all_dm6_NA_at_1000bp_Hetstate_local_rescaled.clpy 30 34 0.918463
hic_contacts_WD_SUMOnub_merge_all_dm6_NA_at_1000bp_Hetstate_local_rescaled.clpy 30 35 0.947167
hic_contacts_WD_SUMOnub_merge_all_dm6_NA_at_1000bp_Hetstate_local_rescaled.clpy 30 36 0.946480
hic_contacts_WD_SUMOnub_merge_all_dm6_NA_at_1000bp_Hetstate_local_rescaled.clpy 30 37 0.963734
hic_contacts_WD_SUMOnub_merge_all_dm6_NA_at_1000bp_Hetstate_local_rescaled.clpy 31 28 1.120180
hic_contacts_WD_SUMOnub_merge_all_dm6_NA_at_1000bp_Hetstate_local_rescaled.clpy 31 29 1.065367
hic_contacts_WD_SUMOnub_merge_all_dm6_NA_at_1000bp_Hetstate_local_rescaled.clpy 31 30 nan
hic_contacts_WD_SUMOnub_merge_all_dm6_NA_at_1000bp_Hetstate_local_rescaled.clpy 31 31 nan
hic_contacts_WD_SUMOnub_merge_all_dm6_NA_at_1000bp_Hetstate_local_rescaled.clpy 31 32 nan
hic_contacts_WD_SUMOnub_merge_all_dm6_NA_at_1000bp_Hetstate_local_rescaled.clpy 31 33 0.558542
hic_contacts_WD_SUMOnub_merge_all_dm6_NA_at_1000bp_Hetstate_local_rescaled.clpy 31 34 0.918101
hic_contacts_WD_SUMOnub_merge_all_dm6_NA_at_1000bp_Hetstate_local_rescaled.clpy 31 35 0.910606
hic_contacts_WD_SUMOnub_merge_all_dm6_NA_at_1000bp_Hetstate_local_rescaled.clpy 31 36 0.931315
hic_contacts_WD_SUMOnub_merge_all_dm6_NA_at_1000bp_Hetstate_local_rescaled.clpy 31 37 0.900551
hic_contacts_WD_SUMOnub_merge_all_dm6_NA_at_1000bp_Hetstate_local_rescaled.clpy 32 28 1.064925
hic_contacts_WD_SUMOnub_merge_all_dm6_NA_at_1000bp_Hetstate_local_rescaled.clpy 32 29 1.095982
hic_contacts_WD_SUMOnub_merge_all_dm6_NA_at_1000bp_Hetstate_local_rescaled.clpy 32 30 1.166569
hic_contacts_WD_SUMOnub_merge_all_dm6_NA_at_1000bp_Hetstate_local_rescaled.clpy 32 31 nan
hic_contacts_WD_SUMOnub_merge_all_dm6_NA_at_1000bp_Hetstate_local_rescaled.clpy 32 32 nan
hic_contacts_WD_SUMOnub_merge_all_dm6_NA_at_1000bp_Hetstate_local_rescaled.clpy 32 33 nan
hic_contacts_WD_SUMOnub_merge_all_dm6_NA_at_1000bp_Hetstate_local_rescaled.clpy 32 34 0.808330
hic_contacts_WD_SUMOnub_merge_all_dm6_NA_at_1000bp_Hetstate_local_rescaled.clpy 32 35 0.880425
hic_contacts_WD_SUMOnub_merge_all_dm6_NA_at_1000bp_Hetstate_local_rescaled.clpy 32 36 0.902389
hic_contacts_WD_SUMOnub_merge_all_dm6_NA_at_1000bp_Hetstate_local_rescaled.clpy 32 37 1.027831
hic_contacts_WD_SUMOnub_merge_all_dm6_NA_at_1000bp_Hetstate_local_rescaled.clpy 33 28 0.972476
hic_contacts_WD_SUMOnub_merge_all_dm6_NA_at_1000bp_Hetstate_local_rescaled.clpy 33 29 0.974976
hic_contacts_WD_SUMOnub_merge_all_dm6_NA_at_1000bp_Hetstate_local_rescaled.clpy 33 30 0.829865
hic_contacts_WD_SUMOnub_merge_all_dm6_NA_at_1000bp_Hetstate_local_rescaled.clpy 33 31 0.558542
hic_contacts_WD_SUMOnub_merge_all_dm6_NA_at_1000bp_Hetstate_local_rescaled.clpy 33 32 nan
hic_contacts_WD_SUMOnub_merge_all_dm6_NA_at_1000bp_Hetstate_local_rescaled.clpy 33 33 nan
hic_contacts_WD_SUMOnub_merge_all_dm6_NA_at_1000bp_Hetstate_local_rescaled.clpy 33 34 nan
hic_contacts_WD_SUMOnub_merge_all_dm6_NA_at_1000bp_Hetstate_local_rescaled.clpy 33 35 0.917834
hic_contacts_WD_SUMOnub_merge_all_dm6_NA_at_1000bp_Hetstate_local_rescaled.clpy 33 36 0.980740
hic_contacts_WD_SUMOnub_merge_all_dm6_NA_at_1000bp_Hetstate_local_rescaled.clpy 33 37 1.069021
hic_contacts_WD_SUMOnub_merge_all_dm6_NA_at_1000bp_Hetstate_local_rescaled.clpy 34 28 0.943704
hic_contacts_WD_SUMOnub_merge_all_dm6_NA_at_1000bp_Hetstate_local_rescaled.clpy 34 29 0.952994
hic_contacts_WD_SUMOnub_merge_all_dm6_NA_at_1000bp_Hetstate_local_rescaled.clpy 34 30 0.918463
hic_contacts_WD_SUMOnub_merge_all_dm6_NA_at_1000bp_Hetstate_local_rescaled.clpy 34 31 0.918101
hic_contacts_WD_SUMOnub_merge_all_dm6_NA_at_1000bp_Hetstate_local_rescaled.clpy 34 32 0.808330
hic_contacts_WD_SUMOnub_merge_all_dm6_NA_at_1000bp_Hetstate_local_rescaled.clpy 34 33 nan
hic_contacts_WD_SUMOnub_merge_all_dm6_NA_at_1000bp_Hetstate_local_rescaled.clpy 34 34 nan
hic_contacts_WD_SUMOnub_merge_all_dm6_NA_at_1000bp_Hetstate_local_rescaled.clpy 34 35 nan
hic_contacts_WD_SUMOnub_merge_all_dm6_NA_at_1000bp_Hetstate_local_rescaled.clpy 34 36 1.078241
hic_contacts_WD_SUMOnub_merge_all_dm6_NA_at_1000bp_Hetstate_local_rescaled.clpy 34 37 1.072741
hic_contacts_WD_SUMOnub_merge_all_dm6_NA_at_1000bp_Hetstate_local_rescaled.clpy 35 28 0.863512
hic_contacts_WD_SUMOnub_merge_all_dm6_NA_at_1000bp_Hetstate_local_rescaled.clpy 35 29 0.950302
hic_contacts_WD_SUMOnub_merge_all_dm6_NA_at_1000bp_Hetstate_local_rescaled.clpy 35 30 0.947167
hic_contacts_WD_SUMOnub_merge_all_dm6_NA_at_1000bp_Hetstate_local_rescaled.clpy 35 31 0.910606
hic_contacts_WD_SUMOnub_merge_all_dm6_NA_at_1000bp_Hetstate_local_rescaled.clpy 35 32 0.880425
hic_contacts_WD_SUMOnub_merge_all_dm6_NA_at_1000bp_Hetstate_local_rescaled.clpy 35 33 0.917834
hic_contacts_WD_SUMOnub_merge_all_dm6_NA_at_1000bp_Hetstate_local_rescaled.clpy 35 34 nan
hic_contacts_WD_SUMOnub_merge_all_dm6_NA_at_1000bp_Hetstate_local_rescaled.clpy 35 35 nan
hic_contacts_WD_SUMOnub_merge_all_dm6_NA_at_1000bp_Hetstate_local_rescaled.clpy 35 36 nan
hic_contacts_WD_SUMOnub_merge_all_dm6_NA_at_1000bp_Hetstate_local_rescaled.clpy 35 37 0.957209
hic_contacts_WD_SUMOnub_merge_all_dm6_NA_at_1000bp_Hetstate_local_rescaled.clpy 36 28 0.877686
hic_contacts_WD_SUMOnub_merge_all_dm6_NA_at_1000bp_Hetstate_local_rescaled.clpy 36 29 0.918698
hic_contacts_WD_SUMOnub_merge_all_dm6_NA_at_1000bp_Hetstate_local_rescaled.clpy 36 30 0.946480
hic_contacts_WD_SUMOnub_merge_all_dm6_NA_at_1000bp_Hetstate_local_rescaled.clpy 36 31 0.931315
hic_contacts_WD_SUMOnub_merge_all_dm6_NA_at_1000bp_Hetstate_local_rescaled.clpy 36 32 0.902389
hic_contacts_WD_SUMOnub_merge_all_dm6_NA_at_1000bp_Hetstate_local_rescaled.clpy 36 33 0.980740
hic_contacts_WD_SUMOnub_merge_all_dm6_NA_at_1000bp_Hetstate_local_rescaled.clpy 36 34 1.078241
hic_contacts_WD_SUMOnub_merge_all_dm6_NA_at_1000bp_Hetstate_local_rescaled.clpy 36 35 nan
hic_contacts_WD_SUMOnub_merge_all_dm6_NA_at_1000bp_Hetstate_local_rescaled.clpy 36 36 nan
hic_contacts_WD_SUMOnub_merge_all_dm6_NA_at_1000bp_Hetstate_local_rescaled.clpy 36 37 nan
hic_contacts_WD_SUMOnub_merge_all_dm6_NA_at_1000bp_Hetstate_local_rescaled.clpy 37 28 0.823870
hic_contacts_WD_SUMOnub_merge_all_dm6_NA_at_1000bp_Hetstate_local_rescaled.clpy 37 29 0.850436
hic_contacts_WD_SUMOnub_merge_all_dm6_NA_at_1000bp_Hetstate_local_rescaled.clpy 37 30 0.963734
hic_contacts_WD_SUMOnub_merge_all_dm6_NA_at_1000bp_Hetstate_local_rescaled.clpy 37 31 0.900551
hic_contacts_WD_SUMOnub_merge_all_dm6_NA_at_1000bp_Hetstate_local_rescaled.clpy 37 32 1.027831
hic_contacts_WD_SUMOnub_merge_all_dm6_NA_at_1000bp_Hetstate_local_rescaled.clpy 37 33 1.069021
hic_contacts_WD_SUMOnub_merge_all_dm6_NA_at_1000bp_Hetstate_local_rescaled.clpy 37 34 1.072741
hic_contacts_WD_SUMOnub_merge_all_dm6_NA_at_1000bp_Hetstate_local_rescaled.clpy 37 35 0.957209
hic_contacts_WD_SUMOnub_merge_all_dm6_NA_at_1000bp_Hetstate_local_rescaled.clpy 37 36 nan
hic_contacts_WD_SUMOnub_merge_all_dm6_NA_at_1000bp_Hetstate_local_rescaled.clpy 37 37 nan
