hic_contacts_WD_NOnub_merge_all_dm6_NA_at_1000bp_Activestate_local_rescaled.clpy 28 28 0.000000
hic_contacts_WD_NOnub_merge_all_dm6_NA_at_1000bp_Activestate_local_rescaled.clpy 28 29 0.000000
hic_contacts_WD_NOnub_merge_all_dm6_NA_at_1000bp_Activestate_local_rescaled.clpy 28 30 1.121587
hic_contacts_WD_NOnub_merge_all_dm6_NA_at_1000bp_Activestate_local_rescaled.clpy 28 31 1.222697
hic_contacts_WD_NOnub_merge_all_dm6_NA_at_1000bp_Activestate_local_rescaled.clpy 28 32 1.244479
hic_contacts_WD_NOnub_merge_all_dm6_NA_at_1000bp_Activestate_local_rescaled.clpy 28 33 1.071084
hic_contacts_WD_NOnub_merge_all_dm6_NA_at_1000bp_Activestate_local_rescaled.clpy 28 34 0.936479
hic_contacts_WD_NOnub_merge_all_dm6_NA_at_1000bp_Activestate_local_rescaled.clpy 28 35 0.902012
hic_contacts_WD_NOnub_merge_all_dm6_NA_at_1000bp_Activestate_local_rescaled.clpy 28 36 0.887441
hic_contacts_WD_NOnub_merge_all_dm6_NA_at_1000bp_Activestate_local_rescaled.clpy 28 37 0.866295
hic_contacts_WD_NOnub_merge_all_dm6_NA_at_1000bp_Activestate_local_rescaled.clpy 29 28 0.000000
hic_contacts_WD_NOnub_merge_all_dm6_NA_at_1000bp_Activestate_local_rescaled.clpy 29 29 0.000000
hic_contacts_WD_NOnub_merge_all_dm6_NA_at_1000bp_Activestate_local_rescaled.clpy 29 30 0.000000
hic_contacts_WD_NOnub_merge_all_dm6_NA_at_1000bp_Activestate_local_rescaled.clpy 29 31 1.184757
hic_contacts_WD_NOnub_merge_all_dm6_NA_at_1000bp_Activestate_local_rescaled.clpy 29 32 1.247562
hic_contacts_WD_NOnub_merge_all_dm6_NA_at_1000bp_Activestate_local_rescaled.clpy 29 33 1.055562
hic_contacts_WD_NOnub_merge_all_dm6_NA_at_1000bp_Activestate_local_rescaled.clpy 29 34 0.934555
hic_contacts_WD_NOnub_merge_all_dm6_NA_at_1000bp_Activestate_local_rescaled.clpy 29 35 0.901298
hic_contacts_WD_NOnub_merge_all_dm6_NA_at_1000bp_Activestate_local_rescaled.clpy 29 36 0.897467
hic_contacts_WD_NOnub_merge_all_dm6_NA_at_1000bp_Activestate_local_rescaled.clpy 29 37 0.873695
hic_contacts_WD_NOnub_merge_all_dm6_NA_at_1000bp_Activestate_local_rescaled.clpy 30 28 1.121587
hic_contacts_WD_NOnub_merge_all_dm6_NA_at_1000bp_Activestate_local_rescaled.clpy 30 29 0.000000
hic_contacts_WD_NOnub_merge_all_dm6_NA_at_1000bp_Activestate_local_rescaled.clpy 30 30 0.000000
hic_contacts_WD_NOnub_merge_all_dm6_NA_at_1000bp_Activestate_local_rescaled.clpy 30 31 0.000000
hic_contacts_WD_NOnub_merge_all_dm6_NA_at_1000bp_Activestate_local_rescaled.clpy 30 32 1.195852
hic_contacts_WD_NOnub_merge_all_dm6_NA_at_1000bp_Activestate_local_rescaled.clpy 30 33 1.030010
hic_contacts_WD_NOnub_merge_all_dm6_NA_at_1000bp_Activestate_local_rescaled.clpy 30 34 0.940793
hic_contacts_WD_NOnub_merge_all_dm6_NA_at_1000bp_Activestate_local_rescaled.clpy 30 35 0.920946
hic_contacts_WD_NOnub_merge_all_dm6_NA_at_1000bp_Activestate_local_rescaled.clpy 30 36 0.905451
hic_contacts_WD_NOnub_merge_all_dm6_NA_at_1000bp_Activestate_local_rescaled.clpy 30 37 0.933138
hic_contacts_WD_NOnub_merge_all_dm6_NA_at_1000bp_Activestate_local_rescaled.clpy 31 28 1.222697
hic_contacts_WD_NOnub_merge_all_dm6_NA_at_1000bp_Activestate_local_rescaled.clpy 31 29 1.184757
hic_contacts_WD_NOnub_merge_all_dm6_NA_at_1000bp_Activestate_local_rescaled.clpy 31 30 0.000000
hic_contacts_WD_NOnub_merge_all_dm6_NA_at_1000bp_Activestate_local_rescaled.clpy 31 31 0.000000
hic_contacts_WD_NOnub_merge_all_dm6_NA_at_1000bp_Activestate_local_rescaled.clpy 31 32 0.000000
hic_contacts_WD_NOnub_merge_all_dm6_NA_at_1000bp_Activestate_local_rescaled.clpy 31 33 0.936805
hic_contacts_WD_NOnub_merge_all_dm6_NA_at_1000bp_Activestate_local_rescaled.clpy 31 34 0.918099
hic_contacts_WD_NOnub_merge_all_dm6_NA_at_1000bp_Activestate_local_rescaled.clpy 31 35 0.920455
hic_contacts_WD_NOnub_merge_all_dm6_NA_at_1000bp_Activestate_local_rescaled.clpy 31 36 0.894878
hic_contacts_WD_NOnub_merge_all_dm6_NA_at_1000bp_Activestate_local_rescaled.clpy 31 37 0.892727
hic_contacts_WD_NOnub_merge_all_dm6_NA_at_1000bp_Activestate_local_rescaled.clpy 32 28 1.244479
hic_contacts_WD_NOnub_merge_all_dm6_NA_at_1000bp_Activestate_local_rescaled.clpy 32 29 1.247562
hic_contacts_WD_NOnub_merge_all_dm6_NA_at_1000bp_Activestate_local_rescaled.clpy 32 30 1.195852
hic_contacts_WD_NOnub_merge_all_dm6_NA_at_1000bp_Activestate_local_rescaled.clpy 32 31 0.000000
hic_contacts_WD_NOnub_merge_all_dm6_NA_at_1000bp_Activestate_local_rescaled.clpy 32 32 0.000000
hic_contacts_WD_NOnub_merge_all_dm6_NA_at_1000bp_Activestate_local_rescaled.clpy 32 33 0.000000
hic_contacts_WD_NOnub_merge_all_dm6_NA_at_1000bp_Activestate_local_rescaled.clpy 32 34 0.832698
hic_contacts_WD_NOnub_merge_all_dm6_NA_at_1000bp_Activestate_local_rescaled.clpy 32 35 0.906941
hic_contacts_WD_NOnub_merge_all_dm6_NA_at_1000bp_Activestate_local_rescaled.clpy 32 36 0.906657
hic_contacts_WD_NOnub_merge_all_dm6_NA_at_1000bp_Activestate_local_rescaled.clpy 32 37 0.911155
hic_contacts_WD_NOnub_merge_all_dm6_NA_at_1000bp_Activestate_local_rescaled.clpy 33 28 1.071084
hic_contacts_WD_NOnub_merge_all_dm6_NA_at_1000bp_Activestate_local_rescaled.clpy 33 29 1.055562
hic_contacts_WD_NOnub_merge_all_dm6_NA_at_1000bp_Activestate_local_rescaled.clpy 33 30 1.030010
hic_contacts_WD_NOnub_merge_all_dm6_NA_at_1000bp_Activestate_local_rescaled.clpy 33 31 0.936805
hic_contacts_WD_NOnub_merge_all_dm6_NA_at_1000bp_Activestate_local_rescaled.clpy 33 32 0.000000
hic_contacts_WD_NOnub_merge_all_dm6_NA_at_1000bp_Activestate_local_rescaled.clpy 33 33 0.000000
hic_contacts_WD_NOnub_merge_all_dm6_NA_at_1000bp_Activestate_local_rescaled.clpy 33 34 0.000000
hic_contacts_WD_NOnub_merge_all_dm6_NA_at_1000bp_Activestate_local_rescaled.clpy 33 35 1.094108
hic_contacts_WD_NOnub_merge_all_dm6_NA_at_1000bp_Activestate_local_rescaled.clpy 33 36 1.051395
hic_contacts_WD_NOnub_merge_all_dm6_NA_at_1000bp_Activestate_local_rescaled.clpy 33 37 1.039299
hic_contacts_WD_NOnub_merge_all_dm6_NA_at_1000bp_Activestate_local_rescaled.clpy 34 28 0.936479
hic_contacts_WD_NOnub_merge_all_dm6_NA_at_1000bp_Activestate_local_rescaled.clpy 34 29 0.934555
hic_contacts_WD_NOnub_merge_all_dm6_NA_at_1000bp_Activestate_local_rescaled.clpy 34 30 0.940793
hic_contacts_WD_NOnub_merge_all_dm6_NA_at_1000bp_Activestate_local_rescaled.clpy 34 31 0.918099
hic_contacts_WD_NOnub_merge_all_dm6_NA_at_1000bp_Activestate_local_rescaled.clpy 34 32 0.832698
hic_contacts_WD_NOnub_merge_all_dm6_NA_at_1000bp_Activestate_local_rescaled.clpy 34 33 0.000000
hic_contacts_WD_NOnub_merge_all_dm6_NA_at_1000bp_Activestate_local_rescaled.clpy 34 34 0.000000
hic_contacts_WD_NOnub_merge_all_dm6_NA_at_1000bp_Activestate_local_rescaled.clpy 34 35 0.000000
hic_contacts_WD_NOnub_merge_all_dm6_NA_at_1000bp_Activestate_local_rescaled.clpy 34 36 1.189026
hic_contacts_WD_NOnub_merge_all_dm6_NA_at_1000bp_Activestate_local_rescaled.clpy 34 37 1.183182
hic_contacts_WD_NOnub_merge_all_dm6_NA_at_1000bp_Activestate_local_rescaled.clpy 35 28 0.902012
hic_contacts_WD_NOnub_merge_all_dm6_NA_at_1000bp_Activestate_local_rescaled.clpy 35 29 0.901298
hic_contacts_WD_NOnub_merge_all_dm6_NA_at_1000bp_Activestate_local_rescaled.clpy 35 30 0.920946
hic_contacts_WD_NOnub_merge_all_dm6_NA_at_1000bp_Activestate_local_rescaled.clpy 35 31 0.920455
hic_contacts_WD_NOnub_merge_all_dm6_NA_at_1000bp_Activestate_local_rescaled.clpy 35 32 0.906941
hic_contacts_WD_NOnub_merge_all_dm6_NA_at_1000bp_Activestate_local_rescaled.clpy 35 33 1.094108
hic_contacts_WD_NOnub_merge_all_dm6_NA_at_1000bp_Activestate_local_rescaled.clpy 35 34 0.000000
hic_contacts_WD_NOnub_merge_all_dm6_NA_at_1000bp_Activestate_local_rescaled.clpy 35 35 0.000000
hic_contacts_WD_NOnub_merge_all_dm6_NA_at_1000bp_Activestate_local_rescaled.clpy 35 36 0.000000
hic_contacts_WD_NOnub_merge_all_dm6_NA_at_1000bp_Activestate_local_rescaled.clpy 35 37 1.188248
hic_contacts_WD_NOnub_merge_all_dm6_NA_at_1000bp_Activestate_local_rescaled.clpy 36 28 0.887441
hic_contacts_WD_NOnub_merge_all_dm6_NA_at_1000bp_Activestate_local_rescaled.clpy 36 29 0.897467
hic_contacts_WD_NOnub_merge_all_dm6_NA_at_1000bp_Activestate_local_rescaled.clpy 36 30 0.905451
hic_contacts_WD_NOnub_merge_all_dm6_NA_at_1000bp_Activestate_local_rescaled.clpy 36 31 0.894878
hic_contacts_WD_NOnub_merge_all_dm6_NA_at_1000bp_Activestate_local_rescaled.clpy 36 32 0.906657
hic_contacts_WD_NOnub_merge_all_dm6_NA_at_1000bp_Activestate_local_rescaled.clpy 36 33 1.051395
hic_contacts_WD_NOnub_merge_all_dm6_NA_at_1000bp_Activestate_local_rescaled.clpy 36 34 1.189026
hic_contacts_WD_NOnub_merge_all_dm6_NA_at_1000bp_Activestate_local_rescaled.clpy 36 35 0.000000
hic_contacts_WD_NOnub_merge_all_dm6_NA_at_1000bp_Activestate_local_rescaled.clpy 36 36 0.000000
hic_contacts_WD_NOnub_merge_all_dm6_NA_at_1000bp_Activestate_local_rescaled.clpy 36 37 0.000000
hic_contacts_WD_NOnub_merge_all_dm6_NA_at_1000bp_Activestate_local_rescaled.clpy 37 28 0.866295
hic_contacts_WD_NOnub_merge_all_dm6_NA_at_1000bp_Activestate_local_rescaled.clpy 37 29 0.873695
hic_contacts_WD_NOnub_merge_all_dm6_NA_at_1000bp_Activestate_local_rescaled.clpy 37 30 0.933138
hic_contacts_WD_NOnub_merge_all_dm6_NA_at_1000bp_Activestate_local_rescaled.clpy 37 31 0.892727
hic_contacts_WD_NOnub_merge_all_dm6_NA_at_1000bp_Activestate_local_rescaled.clpy 37 32 0.911155
hic_contacts_WD_NOnub_merge_all_dm6_NA_at_1000bp_Activestate_local_rescaled.clpy 37 33 1.039299
hic_contacts_WD_NOnub_merge_all_dm6_NA_at_1000bp_Activestate_local_rescaled.clpy 37 34 1.183182
hic_contacts_WD_NOnub_merge_all_dm6_NA_at_1000bp_Activestate_local_rescaled.clpy 37 35 1.188248
hic_contacts_WD_NOnub_merge_all_dm6_NA_at_1000bp_Activestate_local_rescaled.clpy 37 36 0.000000
hic_contacts_WD_NOnub_merge_all_dm6_NA_at_1000bp_Activestate_local_rescaled.clpy 37 37 0.000000
