hic_contacts_WD_NOnub_merge_all_dm6_NA_at_1000bp_Activestate_local_rescaled.clpy 60 60 0.000000
hic_contacts_WD_NOnub_merge_all_dm6_NA_at_1000bp_Activestate_local_rescaled.clpy 60 61 0.000000
hic_contacts_WD_NOnub_merge_all_dm6_NA_at_1000bp_Activestate_local_rescaled.clpy 60 62 1.162052
hic_contacts_WD_NOnub_merge_all_dm6_NA_at_1000bp_Activestate_local_rescaled.clpy 60 63 1.198458
hic_contacts_WD_NOnub_merge_all_dm6_NA_at_1000bp_Activestate_local_rescaled.clpy 60 64 1.225194
hic_contacts_WD_NOnub_merge_all_dm6_NA_at_1000bp_Activestate_local_rescaled.clpy 60 65 1.183404
hic_contacts_WD_NOnub_merge_all_dm6_NA_at_1000bp_Activestate_local_rescaled.clpy 60 66 1.002224
hic_contacts_WD_NOnub_merge_all_dm6_NA_at_1000bp_Activestate_local_rescaled.clpy 60 67 0.901785
hic_contacts_WD_NOnub_merge_all_dm6_NA_at_1000bp_Activestate_local_rescaled.clpy 60 68 0.879182
hic_contacts_WD_NOnub_merge_all_dm6_NA_at_1000bp_Activestate_local_rescaled.clpy 60 69 0.869752
hic_contacts_WD_NOnub_merge_all_dm6_NA_at_1000bp_Activestate_local_rescaled.clpy 61 60 0.000000
hic_contacts_WD_NOnub_merge_all_dm6_NA_at_1000bp_Activestate_local_rescaled.clpy 61 61 0.000000
hic_contacts_WD_NOnub_merge_all_dm6_NA_at_1000bp_Activestate_local_rescaled.clpy 61 62 0.000000
hic_contacts_WD_NOnub_merge_all_dm6_NA_at_1000bp_Activestate_local_rescaled.clpy 61 63 1.174967
hic_contacts_WD_NOnub_merge_all_dm6_NA_at_1000bp_Activestate_local_rescaled.clpy 61 64 1.230446
hic_contacts_WD_NOnub_merge_all_dm6_NA_at_1000bp_Activestate_local_rescaled.clpy 61 65 1.207275
hic_contacts_WD_NOnub_merge_all_dm6_NA_at_1000bp_Activestate_local_rescaled.clpy 61 66 1.003365
hic_contacts_WD_NOnub_merge_all_dm6_NA_at_1000bp_Activestate_local_rescaled.clpy 61 67 0.907635
hic_contacts_WD_NOnub_merge_all_dm6_NA_at_1000bp_Activestate_local_rescaled.clpy 61 68 0.887203
hic_contacts_WD_NOnub_merge_all_dm6_NA_at_1000bp_Activestate_local_rescaled.clpy 61 69 0.874442
hic_contacts_WD_NOnub_merge_all_dm6_NA_at_1000bp_Activestate_local_rescaled.clpy 62 60 1.162052
hic_contacts_WD_NOnub_merge_all_dm6_NA_at_1000bp_Activestate_local_rescaled.clpy 62 61 0.000000
hic_contacts_WD_NOnub_merge_all_dm6_NA_at_1000bp_Activestate_local_rescaled.clpy 62 62 0.000000
hic_contacts_WD_NOnub_merge_all_dm6_NA_at_1000bp_Activestate_local_rescaled.clpy 62 63 0.000000
hic_contacts_WD_NOnub_merge_all_dm6_NA_at_1000bp_Activestate_local_rescaled.clpy 62 64 1.178371
hic_contacts_WD_NOnub_merge_all_dm6_NA_at_1000bp_Activestate_local_rescaled.clpy 62 65 1.198930
hic_contacts_WD_NOnub_merge_all_dm6_NA_at_1000bp_Activestate_local_rescaled.clpy 62 66 0.993398
hic_contacts_WD_NOnub_merge_all_dm6_NA_at_1000bp_Activestate_local_rescaled.clpy 62 67 0.914679
hic_contacts_WD_NOnub_merge_all_dm6_NA_at_1000bp_Activestate_local_rescaled.clpy 62 68 0.920063
hic_contacts_WD_NOnub_merge_all_dm6_NA_at_1000bp_Activestate_local_rescaled.clpy 62 69 0.903908
hic_contacts_WD_NOnub_merge_all_dm6_NA_at_1000bp_Activestate_local_rescaled.clpy 63 60 1.198458
hic_contacts_WD_NOnub_merge_all_dm6_NA_at_1000bp_Activestate_local_rescaled.clpy 63 61 1.174967
hic_contacts_WD_NOnub_merge_all_dm6_NA_at_1000bp_Activestate_local_rescaled.clpy 63 62 0.000000
hic_contacts_WD_NOnub_merge_all_dm6_NA_at_1000bp_Activestate_local_rescaled.clpy 63 63 0.000000
hic_contacts_WD_NOnub_merge_all_dm6_NA_at_1000bp_Activestate_local_rescaled.clpy 63 64 0.000000
hic_contacts_WD_NOnub_merge_all_dm6_NA_at_1000bp_Activestate_local_rescaled.clpy 63 65 1.195796
hic_contacts_WD_NOnub_merge_all_dm6_NA_at_1000bp_Activestate_local_rescaled.clpy 63 66 1.015324
hic_contacts_WD_NOnub_merge_all_dm6_NA_at_1000bp_Activestate_local_rescaled.clpy 63 67 0.911164
hic_contacts_WD_NOnub_merge_all_dm6_NA_at_1000bp_Activestate_local_rescaled.clpy 63 68 0.927215
hic_contacts_WD_NOnub_merge_all_dm6_NA_at_1000bp_Activestate_local_rescaled.clpy 63 69 0.907818
hic_contacts_WD_NOnub_merge_all_dm6_NA_at_1000bp_Activestate_local_rescaled.clpy 64 60 1.225194
hic_contacts_WD_NOnub_merge_all_dm6_NA_at_1000bp_Activestate_local_rescaled.clpy 64 61 1.230446
hic_contacts_WD_NOnub_merge_all_dm6_NA_at_1000bp_Activestate_local_rescaled.clpy 64 62 1.178371
hic_contacts_WD_NOnub_merge_all_dm6_NA_at_1000bp_Activestate_local_rescaled.clpy 64 63 0.000000
hic_contacts_WD_NOnub_merge_all_dm6_NA_at_1000bp_Activestate_local_rescaled.clpy 64 64 0.000000
hic_contacts_WD_NOnub_merge_all_dm6_NA_at_1000bp_Activestate_local_rescaled.clpy 64 65 0.000000
hic_contacts_WD_NOnub_merge_all_dm6_NA_at_1000bp_Activestate_local_rescaled.clpy 64 66 0.918101
hic_contacts_WD_NOnub_merge_all_dm6_NA_at_1000bp_Activestate_local_rescaled.clpy 64 67 0.936961
hic_contacts_WD_NOnub_merge_all_dm6_NA_at_1000bp_Activestate_local_rescaled.clpy 64 68 0.936058
hic_contacts_WD_NOnub_merge_all_dm6_NA_at_1000bp_Activestate_local_rescaled.clpy 64 69 0.904189
hic_contacts_WD_NOnub_merge_all_dm6_NA_at_1000bp_Activestate_local_rescaled.clpy 65 60 1.183404
hic_contacts_WD_NOnub_merge_all_dm6_NA_at_1000bp_Activestate_local_rescaled.clpy 65 61 1.207275
hic_contacts_WD_NOnub_merge_all_dm6_NA_at_1000bp_Activestate_local_rescaled.clpy 65 62 1.198930
hic_contacts_WD_NOnub_merge_all_dm6_NA_at_1000bp_Activestate_local_rescaled.clpy 65 63 1.195796
hic_contacts_WD_NOnub_merge_all_dm6_NA_at_1000bp_Activestate_local_rescaled.clpy 65 64 0.000000
hic_contacts_WD_NOnub_merge_all_dm6_NA_at_1000bp_Activestate_local_rescaled.clpy 65 65 0.000000
hic_contacts_WD_NOnub_merge_all_dm6_NA_at_1000bp_Activestate_local_rescaled.clpy 65 66 0.000000
hic_contacts_WD_NOnub_merge_all_dm6_NA_at_1000bp_Activestate_local_rescaled.clpy 65 67 0.865915
hic_contacts_WD_NOnub_merge_all_dm6_NA_at_1000bp_Activestate_local_rescaled.clpy 65 68 0.965913
hic_contacts_WD_NOnub_merge_all_dm6_NA_at_1000bp_Activestate_local_rescaled.clpy 65 69 0.922233
hic_contacts_WD_NOnub_merge_all_dm6_NA_at_1000bp_Activestate_local_rescaled.clpy 66 60 1.002224
hic_contacts_WD_NOnub_merge_all_dm6_NA_at_1000bp_Activestate_local_rescaled.clpy 66 61 1.003365
hic_contacts_WD_NOnub_merge_all_dm6_NA_at_1000bp_Activestate_local_rescaled.clpy 66 62 0.993398
hic_contacts_WD_NOnub_merge_all_dm6_NA_at_1000bp_Activestate_local_rescaled.clpy 66 63 1.015324
hic_contacts_WD_NOnub_merge_all_dm6_NA_at_1000bp_Activestate_local_rescaled.clpy 66 64 0.918101
hic_contacts_WD_NOnub_merge_all_dm6_NA_at_1000bp_Activestate_local_rescaled.clpy 66 65 0.000000
hic_contacts_WD_NOnub_merge_all_dm6_NA_at_1000bp_Activestate_local_rescaled.clpy 66 66 0.000000
hic_contacts_WD_NOnub_merge_all_dm6_NA_at_1000bp_Activestate_local_rescaled.clpy 66 67 0.000000
hic_contacts_WD_NOnub_merge_all_dm6_NA_at_1000bp_Activestate_local_rescaled.clpy 66 68 1.098591
hic_contacts_WD_NOnub_merge_all_dm6_NA_at_1000bp_Activestate_local_rescaled.clpy 66 69 1.073074
hic_contacts_WD_NOnub_merge_all_dm6_NA_at_1000bp_Activestate_local_rescaled.clpy 67 60 0.901785
hic_contacts_WD_NOnub_merge_all_dm6_NA_at_1000bp_Activestate_local_rescaled.clpy 67 61 0.907635
hic_contacts_WD_NOnub_merge_all_dm6_NA_at_1000bp_Activestate_local_rescaled.clpy 67 62 0.914679
hic_contacts_WD_NOnub_merge_all_dm6_NA_at_1000bp_Activestate_local_rescaled.clpy 67 63 0.911164
hic_contacts_WD_NOnub_merge_all_dm6_NA_at_1000bp_Activestate_local_rescaled.clpy 67 64 0.936961
hic_contacts_WD_NOnub_merge_all_dm6_NA_at_1000bp_Activestate_local_rescaled.clpy 67 65 0.865915
hic_contacts_WD_NOnub_merge_all_dm6_NA_at_1000bp_Activestate_local_rescaled.clpy 67 66 0.000000
hic_contacts_WD_NOnub_merge_all_dm6_NA_at_1000bp_Activestate_local_rescaled.clpy 67 67 0.000000
hic_contacts_WD_NOnub_merge_all_dm6_NA_at_1000bp_Activestate_local_rescaled.clpy 67 68 0.000000
hic_contacts_WD_NOnub_merge_all_dm6_NA_at_1000bp_Activestate_local_rescaled.clpy 67 69 1.169326
hic_contacts_WD_NOnub_merge_all_dm6_NA_at_1000bp_Activestate_local_rescaled.clpy 68 60 0.879182
hic_contacts_WD_NOnub_merge_all_dm6_NA_at_1000bp_Activestate_local_rescaled.clpy 68 61 0.887203
hic_contacts_WD_NOnub_merge_all_dm6_NA_at_1000bp_Activestate_local_rescaled.clpy 68 62 0.920063
hic_contacts_WD_NOnub_merge_all_dm6_NA_at_1000bp_Activestate_local_rescaled.clpy 68 63 0.927215
hic_contacts_WD_NOnub_merge_all_dm6_NA_at_1000bp_Activestate_local_rescaled.clpy 68 64 0.936058
hic_contacts_WD_NOnub_merge_all_dm6_NA_at_1000bp_Activestate_local_rescaled.clpy 68 65 0.965913
hic_contacts_WD_NOnub_merge_all_dm6_NA_at_1000bp_Activestate_local_rescaled.clpy 68 66 1.098591
hic_contacts_WD_NOnub_merge_all_dm6_NA_at_1000bp_Activestate_local_rescaled.clpy 68 67 0.000000
hic_contacts_WD_NOnub_merge_all_dm6_NA_at_1000bp_Activestate_local_rescaled.clpy 68 68 0.000000
hic_contacts_WD_NOnub_merge_all_dm6_NA_at_1000bp_Activestate_local_rescaled.clpy 68 69 0.000000
hic_contacts_WD_NOnub_merge_all_dm6_NA_at_1000bp_Activestate_local_rescaled.clpy 69 60 0.869752
hic_contacts_WD_NOnub_merge_all_dm6_NA_at_1000bp_Activestate_local_rescaled.clpy 69 61 0.874442
hic_contacts_WD_NOnub_merge_all_dm6_NA_at_1000bp_Activestate_local_rescaled.clpy 69 62 0.903908
hic_contacts_WD_NOnub_merge_all_dm6_NA_at_1000bp_Activestate_local_rescaled.clpy 69 63 0.907818
hic_contacts_WD_NOnub_merge_all_dm6_NA_at_1000bp_Activestate_local_rescaled.clpy 69 64 0.904189
hic_contacts_WD_NOnub_merge_all_dm6_NA_at_1000bp_Activestate_local_rescaled.clpy 69 65 0.922233
hic_contacts_WD_NOnub_merge_all_dm6_NA_at_1000bp_Activestate_local_rescaled.clpy 69 66 1.073074
hic_contacts_WD_NOnub_merge_all_dm6_NA_at_1000bp_Activestate_local_rescaled.clpy 69 67 1.169326
hic_contacts_WD_NOnub_merge_all_dm6_NA_at_1000bp_Activestate_local_rescaled.clpy 69 68 0.000000
hic_contacts_WD_NOnub_merge_all_dm6_NA_at_1000bp_Activestate_local_rescaled.clpy 69 69 0.000000
