hic_contacts_WD_SUMOnub_merge_all_dm6_NA_at_1000bp_Hetstate_local_rescaled.clpy 60 60 nan
hic_contacts_WD_SUMOnub_merge_all_dm6_NA_at_1000bp_Hetstate_local_rescaled.clpy 60 61 nan
hic_contacts_WD_SUMOnub_merge_all_dm6_NA_at_1000bp_Hetstate_local_rescaled.clpy 60 62 1.057137
hic_contacts_WD_SUMOnub_merge_all_dm6_NA_at_1000bp_Hetstate_local_rescaled.clpy 60 63 1.075496
hic_contacts_WD_SUMOnub_merge_all_dm6_NA_at_1000bp_Hetstate_local_rescaled.clpy 60 64 1.029776
hic_contacts_WD_SUMOnub_merge_all_dm6_NA_at_1000bp_Hetstate_local_rescaled.clpy 60 65 1.169874
hic_contacts_WD_SUMOnub_merge_all_dm6_NA_at_1000bp_Hetstate_local_rescaled.clpy 60 66 0.942325
hic_contacts_WD_SUMOnub_merge_all_dm6_NA_at_1000bp_Hetstate_local_rescaled.clpy 60 67 0.902284
hic_contacts_WD_SUMOnub_merge_all_dm6_NA_at_1000bp_Hetstate_local_rescaled.clpy 60 68 0.894222
hic_contacts_WD_SUMOnub_merge_all_dm6_NA_at_1000bp_Hetstate_local_rescaled.clpy 60 69 0.812266
hic_contacts_WD_SUMOnub_merge_all_dm6_NA_at_1000bp_Hetstate_local_rescaled.clpy 61 60 nan
hic_contacts_WD_SUMOnub_merge_all_dm6_NA_at_1000bp_Hetstate_local_rescaled.clpy 61 61 nan
hic_contacts_WD_SUMOnub_merge_all_dm6_NA_at_1000bp_Hetstate_local_rescaled.clpy 61 62 nan
hic_contacts_WD_SUMOnub_merge_all_dm6_NA_at_1000bp_Hetstate_local_rescaled.clpy 61 63 1.000691
hic_contacts_WD_SUMOnub_merge_all_dm6_NA_at_1000bp_Hetstate_local_rescaled.clpy 61 64 1.129215
hic_contacts_WD_SUMOnub_merge_all_dm6_NA_at_1000bp_Hetstate_local_rescaled.clpy 61 65 1.096652
hic_contacts_WD_SUMOnub_merge_all_dm6_NA_at_1000bp_Hetstate_local_rescaled.clpy 61 66 0.981027
hic_contacts_WD_SUMOnub_merge_all_dm6_NA_at_1000bp_Hetstate_local_rescaled.clpy 61 67 0.862169
hic_contacts_WD_SUMOnub_merge_all_dm6_NA_at_1000bp_Hetstate_local_rescaled.clpy 61 68 0.851847
hic_contacts_WD_SUMOnub_merge_all_dm6_NA_at_1000bp_Hetstate_local_rescaled.clpy 61 69 0.859536
hic_contacts_WD_SUMOnub_merge_all_dm6_NA_at_1000bp_Hetstate_local_rescaled.clpy 62 60 1.057137
hic_contacts_WD_SUMOnub_merge_all_dm6_NA_at_1000bp_Hetstate_local_rescaled.clpy 62 61 nan
hic_contacts_WD_SUMOnub_merge_all_dm6_NA_at_1000bp_Hetstate_local_rescaled.clpy 62 62 nan
hic_contacts_WD_SUMOnub_merge_all_dm6_NA_at_1000bp_Hetstate_local_rescaled.clpy 62 63 nan
hic_contacts_WD_SUMOnub_merge_all_dm6_NA_at_1000bp_Hetstate_local_rescaled.clpy 62 64 0.858214
hic_contacts_WD_SUMOnub_merge_all_dm6_NA_at_1000bp_Hetstate_local_rescaled.clpy 62 65 1.111346
hic_contacts_WD_SUMOnub_merge_all_dm6_NA_at_1000bp_Hetstate_local_rescaled.clpy 62 66 1.058352
hic_contacts_WD_SUMOnub_merge_all_dm6_NA_at_1000bp_Hetstate_local_rescaled.clpy 62 67 0.929378
hic_contacts_WD_SUMOnub_merge_all_dm6_NA_at_1000bp_Hetstate_local_rescaled.clpy 62 68 0.868600
hic_contacts_WD_SUMOnub_merge_all_dm6_NA_at_1000bp_Hetstate_local_rescaled.clpy 62 69 0.821098
hic_contacts_WD_SUMOnub_merge_all_dm6_NA_at_1000bp_Hetstate_local_rescaled.clpy 63 60 1.075496
hic_contacts_WD_SUMOnub_merge_all_dm6_NA_at_1000bp_Hetstate_local_rescaled.clpy 63 61 1.000691
hic_contacts_WD_SUMOnub_merge_all_dm6_NA_at_1000bp_Hetstate_local_rescaled.clpy 63 62 nan
hic_contacts_WD_SUMOnub_merge_all_dm6_NA_at_1000bp_Hetstate_local_rescaled.clpy 63 63 nan
hic_contacts_WD_SUMOnub_merge_all_dm6_NA_at_1000bp_Hetstate_local_rescaled.clpy 63 64 nan
hic_contacts_WD_SUMOnub_merge_all_dm6_NA_at_1000bp_Hetstate_local_rescaled.clpy 63 65 0.901883
hic_contacts_WD_SUMOnub_merge_all_dm6_NA_at_1000bp_Hetstate_local_rescaled.clpy 63 66 1.090152
hic_contacts_WD_SUMOnub_merge_all_dm6_NA_at_1000bp_Hetstate_local_rescaled.clpy 63 67 0.894179
hic_contacts_WD_SUMOnub_merge_all_dm6_NA_at_1000bp_Hetstate_local_rescaled.clpy 63 68 0.850714
hic_contacts_WD_SUMOnub_merge_all_dm6_NA_at_1000bp_Hetstate_local_rescaled.clpy 63 69 0.868810
hic_contacts_WD_SUMOnub_merge_all_dm6_NA_at_1000bp_Hetstate_local_rescaled.clpy 64 60 1.029776
hic_contacts_WD_SUMOnub_merge_all_dm6_NA_at_1000bp_Hetstate_local_rescaled.clpy 64 61 1.129215
hic_contacts_WD_SUMOnub_merge_all_dm6_NA_at_1000bp_Hetstate_local_rescaled.clpy 64 62 0.858214
hic_contacts_WD_SUMOnub_merge_all_dm6_NA_at_1000bp_Hetstate_local_rescaled.clpy 64 63 nan
hic_contacts_WD_SUMOnub_merge_all_dm6_NA_at_1000bp_Hetstate_local_rescaled.clpy 64 64 nan
hic_contacts_WD_SUMOnub_merge_all_dm6_NA_at_1000bp_Hetstate_local_rescaled.clpy 64 65 nan
hic_contacts_WD_SUMOnub_merge_all_dm6_NA_at_1000bp_Hetstate_local_rescaled.clpy 64 66 1.060497
hic_contacts_WD_SUMOnub_merge_all_dm6_NA_at_1000bp_Hetstate_local_rescaled.clpy 64 67 0.925723
hic_contacts_WD_SUMOnub_merge_all_dm6_NA_at_1000bp_Hetstate_local_rescaled.clpy 64 68 0.976595
hic_contacts_WD_SUMOnub_merge_all_dm6_NA_at_1000bp_Hetstate_local_rescaled.clpy 64 69 0.874457
hic_contacts_WD_SUMOnub_merge_all_dm6_NA_at_1000bp_Hetstate_local_rescaled.clpy 65 60 1.169874
hic_contacts_WD_SUMOnub_merge_all_dm6_NA_at_1000bp_Hetstate_local_rescaled.clpy 65 61 1.096652
hic_contacts_WD_SUMOnub_merge_all_dm6_NA_at_1000bp_Hetstate_local_rescaled.clpy 65 62 1.111346
hic_contacts_WD_SUMOnub_merge_all_dm6_NA_at_1000bp_Hetstate_local_rescaled.clpy 65 63 0.901883
hic_contacts_WD_SUMOnub_merge_all_dm6_NA_at_1000bp_Hetstate_local_rescaled.clpy 65 64 nan
hic_contacts_WD_SUMOnub_merge_all_dm6_NA_at_1000bp_Hetstate_local_rescaled.clpy 65 65 nan
hic_contacts_WD_SUMOnub_merge_all_dm6_NA_at_1000bp_Hetstate_local_rescaled.clpy 65 66 nan
hic_contacts_WD_SUMOnub_merge_all_dm6_NA_at_1000bp_Hetstate_local_rescaled.clpy 65 67 1.010561
hic_contacts_WD_SUMOnub_merge_all_dm6_NA_at_1000bp_Hetstate_local_rescaled.clpy 65 68 0.867938
hic_contacts_WD_SUMOnub_merge_all_dm6_NA_at_1000bp_Hetstate_local_rescaled.clpy 65 69 0.863224
hic_contacts_WD_SUMOnub_merge_all_dm6_NA_at_1000bp_Hetstate_local_rescaled.clpy 66 60 0.942325
hic_contacts_WD_SUMOnub_merge_all_dm6_NA_at_1000bp_Hetstate_local_rescaled.clpy 66 61 0.981027
hic_contacts_WD_SUMOnub_merge_all_dm6_NA_at_1000bp_Hetstate_local_rescaled.clpy 66 62 1.058352
hic_contacts_WD_SUMOnub_merge_all_dm6_NA_at_1000bp_Hetstate_local_rescaled.clpy 66 63 1.090152
hic_contacts_WD_SUMOnub_merge_all_dm6_NA_at_1000bp_Hetstate_local_rescaled.clpy 66 64 1.060497
hic_contacts_WD_SUMOnub_merge_all_dm6_NA_at_1000bp_Hetstate_local_rescaled.clpy 66 65 nan
hic_contacts_WD_SUMOnub_merge_all_dm6_NA_at_1000bp_Hetstate_local_rescaled.clpy 66 66 nan
hic_contacts_WD_SUMOnub_merge_all_dm6_NA_at_1000bp_Hetstate_local_rescaled.clpy 66 67 nan
hic_contacts_WD_SUMOnub_merge_all_dm6_NA_at_1000bp_Hetstate_local_rescaled.clpy 66 68 0.896694
hic_contacts_WD_SUMOnub_merge_all_dm6_NA_at_1000bp_Hetstate_local_rescaled.clpy 66 69 1.083859
hic_contacts_WD_SUMOnub_merge_all_dm6_NA_at_1000bp_Hetstate_local_rescaled.clpy 67 60 0.902284
hic_contacts_WD_SUMOnub_merge_all_dm6_NA_at_1000bp_Hetstate_local_rescaled.clpy 67 61 0.862169
hic_contacts_WD_SUMOnub_merge_all_dm6_NA_at_1000bp_Hetstate_local_rescaled.clpy 67 62 0.929378
hic_contacts_WD_SUMOnub_merge_all_dm6_NA_at_1000bp_Hetstate_local_rescaled.clpy 67 63 0.894179
hic_contacts_WD_SUMOnub_merge_all_dm6_NA_at_1000bp_Hetstate_local_rescaled.clpy 67 64 0.925723
hic_contacts_WD_SUMOnub_merge_all_dm6_NA_at_1000bp_Hetstate_local_rescaled.clpy 67 65 1.010561
hic_contacts_WD_SUMOnub_merge_all_dm6_NA_at_1000bp_Hetstate_local_rescaled.clpy 67 66 nan
hic_contacts_WD_SUMOnub_merge_all_dm6_NA_at_1000bp_Hetstate_local_rescaled.clpy 67 67 nan
hic_contacts_WD_SUMOnub_merge_all_dm6_NA_at_1000bp_Hetstate_local_rescaled.clpy 67 68 nan
hic_contacts_WD_SUMOnub_merge_all_dm6_NA_at_1000bp_Hetstate_local_rescaled.clpy 67 69 1.023719
hic_contacts_WD_SUMOnub_merge_all_dm6_NA_at_1000bp_Hetstate_local_rescaled.clpy 68 60 0.894222
hic_contacts_WD_SUMOnub_merge_all_dm6_NA_at_1000bp_Hetstate_local_rescaled.clpy 68 61 0.851847
hic_contacts_WD_SUMOnub_merge_all_dm6_NA_at_1000bp_Hetstate_local_rescaled.clpy 68 62 0.868600
hic_contacts_WD_SUMOnub_merge_all_dm6_NA_at_1000bp_Hetstate_local_rescaled.clpy 68 63 0.850714
hic_contacts_WD_SUMOnub_merge_all_dm6_NA_at_1000bp_Hetstate_local_rescaled.clpy 68 64 0.976595
hic_contacts_WD_SUMOnub_merge_all_dm6_NA_at_1000bp_Hetstate_local_rescaled.clpy 68 65 0.867938
hic_contacts_WD_SUMOnub_merge_all_dm6_NA_at_1000bp_Hetstate_local_rescaled.clpy 68 66 0.896694
hic_contacts_WD_SUMOnub_merge_all_dm6_NA_at_1000bp_Hetstate_local_rescaled.clpy 68 67 nan
hic_contacts_WD_SUMOnub_merge_all_dm6_NA_at_1000bp_Hetstate_local_rescaled.clpy 68 68 nan
hic_contacts_WD_SUMOnub_merge_all_dm6_NA_at_1000bp_Hetstate_local_rescaled.clpy 68 69 nan
hic_contacts_WD_SUMOnub_merge_all_dm6_NA_at_1000bp_Hetstate_local_rescaled.clpy 69 60 0.812266
hic_contacts_WD_SUMOnub_merge_all_dm6_NA_at_1000bp_Hetstate_local_rescaled.clpy 69 61 0.859536
hic_contacts_WD_SUMOnub_merge_all_dm6_NA_at_1000bp_Hetstate_local_rescaled.clpy 69 62 0.821098
hic_contacts_WD_SUMOnub_merge_all_dm6_NA_at_1000bp_Hetstate_local_rescaled.clpy 69 63 0.868810
hic_contacts_WD_SUMOnub_merge_all_dm6_NA_at_1000bp_Hetstate_local_rescaled.clpy 69 64 0.874457
hic_contacts_WD_SUMOnub_merge_all_dm6_NA_at_1000bp_Hetstate_local_rescaled.clpy 69 65 0.863224
hic_contacts_WD_SUMOnub_merge_all_dm6_NA_at_1000bp_Hetstate_local_rescaled.clpy 69 66 1.083859
hic_contacts_WD_SUMOnub_merge_all_dm6_NA_at_1000bp_Hetstate_local_rescaled.clpy 69 67 1.023719
hic_contacts_WD_SUMOnub_merge_all_dm6_NA_at_1000bp_Hetstate_local_rescaled.clpy 69 68 nan
hic_contacts_WD_SUMOnub_merge_all_dm6_NA_at_1000bp_Hetstate_local_rescaled.clpy 69 69 nan
