hic_contacts_WD_SUMOnub_merge_all_dm6_NA_at_1000bp_PcGstate_local_rescaled.clpy 60 60 nan
hic_contacts_WD_SUMOnub_merge_all_dm6_NA_at_1000bp_PcGstate_local_rescaled.clpy 60 61 nan
hic_contacts_WD_SUMOnub_merge_all_dm6_NA_at_1000bp_PcGstate_local_rescaled.clpy 60 62 0.970447
hic_contacts_WD_SUMOnub_merge_all_dm6_NA_at_1000bp_PcGstate_local_rescaled.clpy 60 63 1.059054
hic_contacts_WD_SUMOnub_merge_all_dm6_NA_at_1000bp_PcGstate_local_rescaled.clpy 60 64 1.082404
hic_contacts_WD_SUMOnub_merge_all_dm6_NA_at_1000bp_PcGstate_local_rescaled.clpy 60 65 1.071505
hic_contacts_WD_SUMOnub_merge_all_dm6_NA_at_1000bp_PcGstate_local_rescaled.clpy 60 66 0.923723
hic_contacts_WD_SUMOnub_merge_all_dm6_NA_at_1000bp_PcGstate_local_rescaled.clpy 60 67 0.801198
hic_contacts_WD_SUMOnub_merge_all_dm6_NA_at_1000bp_PcGstate_local_rescaled.clpy 60 68 0.771985
hic_contacts_WD_SUMOnub_merge_all_dm6_NA_at_1000bp_PcGstate_local_rescaled.clpy 60 69 0.786343
hic_contacts_WD_SUMOnub_merge_all_dm6_NA_at_1000bp_PcGstate_local_rescaled.clpy 61 60 nan
hic_contacts_WD_SUMOnub_merge_all_dm6_NA_at_1000bp_PcGstate_local_rescaled.clpy 61 61 nan
hic_contacts_WD_SUMOnub_merge_all_dm6_NA_at_1000bp_PcGstate_local_rescaled.clpy 61 62 nan
hic_contacts_WD_SUMOnub_merge_all_dm6_NA_at_1000bp_PcGstate_local_rescaled.clpy 61 63 1.006144
hic_contacts_WD_SUMOnub_merge_all_dm6_NA_at_1000bp_PcGstate_local_rescaled.clpy 61 64 1.087732
hic_contacts_WD_SUMOnub_merge_all_dm6_NA_at_1000bp_PcGstate_local_rescaled.clpy 61 65 1.094275
hic_contacts_WD_SUMOnub_merge_all_dm6_NA_at_1000bp_PcGstate_local_rescaled.clpy 61 66 0.912379
hic_contacts_WD_SUMOnub_merge_all_dm6_NA_at_1000bp_PcGstate_local_rescaled.clpy 61 67 0.843227
hic_contacts_WD_SUMOnub_merge_all_dm6_NA_at_1000bp_PcGstate_local_rescaled.clpy 61 68 0.822532
hic_contacts_WD_SUMOnub_merge_all_dm6_NA_at_1000bp_PcGstate_local_rescaled.clpy 61 69 0.804645
hic_contacts_WD_SUMOnub_merge_all_dm6_NA_at_1000bp_PcGstate_local_rescaled.clpy 62 60 0.970447
hic_contacts_WD_SUMOnub_merge_all_dm6_NA_at_1000bp_PcGstate_local_rescaled.clpy 62 61 nan
hic_contacts_WD_SUMOnub_merge_all_dm6_NA_at_1000bp_PcGstate_local_rescaled.clpy 62 62 nan
hic_contacts_WD_SUMOnub_merge_all_dm6_NA_at_1000bp_PcGstate_local_rescaled.clpy 62 63 nan
hic_contacts_WD_SUMOnub_merge_all_dm6_NA_at_1000bp_PcGstate_local_rescaled.clpy 62 64 1.015152
hic_contacts_WD_SUMOnub_merge_all_dm6_NA_at_1000bp_PcGstate_local_rescaled.clpy 62 65 1.079496
hic_contacts_WD_SUMOnub_merge_all_dm6_NA_at_1000bp_PcGstate_local_rescaled.clpy 62 66 0.899982
hic_contacts_WD_SUMOnub_merge_all_dm6_NA_at_1000bp_PcGstate_local_rescaled.clpy 62 67 0.841670
hic_contacts_WD_SUMOnub_merge_all_dm6_NA_at_1000bp_PcGstate_local_rescaled.clpy 62 68 0.862022
hic_contacts_WD_SUMOnub_merge_all_dm6_NA_at_1000bp_PcGstate_local_rescaled.clpy 62 69 0.831140
hic_contacts_WD_SUMOnub_merge_all_dm6_NA_at_1000bp_PcGstate_local_rescaled.clpy 63 60 1.059054
hic_contacts_WD_SUMOnub_merge_all_dm6_NA_at_1000bp_PcGstate_local_rescaled.clpy 63 61 1.006144
hic_contacts_WD_SUMOnub_merge_all_dm6_NA_at_1000bp_PcGstate_local_rescaled.clpy 63 62 nan
hic_contacts_WD_SUMOnub_merge_all_dm6_NA_at_1000bp_PcGstate_local_rescaled.clpy 63 63 nan
hic_contacts_WD_SUMOnub_merge_all_dm6_NA_at_1000bp_PcGstate_local_rescaled.clpy 63 64 nan
hic_contacts_WD_SUMOnub_merge_all_dm6_NA_at_1000bp_PcGstate_local_rescaled.clpy 63 65 1.074304
hic_contacts_WD_SUMOnub_merge_all_dm6_NA_at_1000bp_PcGstate_local_rescaled.clpy 63 66 0.923140
hic_contacts_WD_SUMOnub_merge_all_dm6_NA_at_1000bp_PcGstate_local_rescaled.clpy 63 67 0.845113
hic_contacts_WD_SUMOnub_merge_all_dm6_NA_at_1000bp_PcGstate_local_rescaled.clpy 63 68 0.837703
hic_contacts_WD_SUMOnub_merge_all_dm6_NA_at_1000bp_PcGstate_local_rescaled.clpy 63 69 0.838534
hic_contacts_WD_SUMOnub_merge_all_dm6_NA_at_1000bp_PcGstate_local_rescaled.clpy 64 60 1.082404
hic_contacts_WD_SUMOnub_merge_all_dm6_NA_at_1000bp_PcGstate_local_rescaled.clpy 64 61 1.087732
hic_contacts_WD_SUMOnub_merge_all_dm6_NA_at_1000bp_PcGstate_local_rescaled.clpy 64 62 1.015152
hic_contacts_WD_SUMOnub_merge_all_dm6_NA_at_1000bp_PcGstate_local_rescaled.clpy 64 63 nan
hic_contacts_WD_SUMOnub_merge_all_dm6_NA_at_1000bp_PcGstate_local_rescaled.clpy 64 64 nan
hic_contacts_WD_SUMOnub_merge_all_dm6_NA_at_1000bp_PcGstate_local_rescaled.clpy 64 65 nan
hic_contacts_WD_SUMOnub_merge_all_dm6_NA_at_1000bp_PcGstate_local_rescaled.clpy 64 66 0.927514
hic_contacts_WD_SUMOnub_merge_all_dm6_NA_at_1000bp_PcGstate_local_rescaled.clpy 64 67 0.896853
hic_contacts_WD_SUMOnub_merge_all_dm6_NA_at_1000bp_PcGstate_local_rescaled.clpy 64 68 0.918256
hic_contacts_WD_SUMOnub_merge_all_dm6_NA_at_1000bp_PcGstate_local_rescaled.clpy 64 69 0.907285
hic_contacts_WD_SUMOnub_merge_all_dm6_NA_at_1000bp_PcGstate_local_rescaled.clpy 65 60 1.071505
hic_contacts_WD_SUMOnub_merge_all_dm6_NA_at_1000bp_PcGstate_local_rescaled.clpy 65 61 1.094275
hic_contacts_WD_SUMOnub_merge_all_dm6_NA_at_1000bp_PcGstate_local_rescaled.clpy 65 62 1.079496
hic_contacts_WD_SUMOnub_merge_all_dm6_NA_at_1000bp_PcGstate_local_rescaled.clpy 65 63 1.074304
hic_contacts_WD_SUMOnub_merge_all_dm6_NA_at_1000bp_PcGstate_local_rescaled.clpy 65 64 nan
hic_contacts_WD_SUMOnub_merge_all_dm6_NA_at_1000bp_PcGstate_local_rescaled.clpy 65 65 nan
hic_contacts_WD_SUMOnub_merge_all_dm6_NA_at_1000bp_PcGstate_local_rescaled.clpy 65 66 nan
hic_contacts_WD_SUMOnub_merge_all_dm6_NA_at_1000bp_PcGstate_local_rescaled.clpy 65 67 0.991232
hic_contacts_WD_SUMOnub_merge_all_dm6_NA_at_1000bp_PcGstate_local_rescaled.clpy 65 68 0.924374
hic_contacts_WD_SUMOnub_merge_all_dm6_NA_at_1000bp_PcGstate_local_rescaled.clpy 65 69 0.934546
hic_contacts_WD_SUMOnub_merge_all_dm6_NA_at_1000bp_PcGstate_local_rescaled.clpy 66 60 0.923723
hic_contacts_WD_SUMOnub_merge_all_dm6_NA_at_1000bp_PcGstate_local_rescaled.clpy 66 61 0.912379
hic_contacts_WD_SUMOnub_merge_all_dm6_NA_at_1000bp_PcGstate_local_rescaled.clpy 66 62 0.899982
hic_contacts_WD_SUMOnub_merge_all_dm6_NA_at_1000bp_PcGstate_local_rescaled.clpy 66 63 0.923140
hic_contacts_WD_SUMOnub_merge_all_dm6_NA_at_1000bp_PcGstate_local_rescaled.clpy 66 64 0.927514
hic_contacts_WD_SUMOnub_merge_all_dm6_NA_at_1000bp_PcGstate_local_rescaled.clpy 66 65 nan
hic_contacts_WD_SUMOnub_merge_all_dm6_NA_at_1000bp_PcGstate_local_rescaled.clpy 66 66 nan
hic_contacts_WD_SUMOnub_merge_all_dm6_NA_at_1000bp_PcGstate_local_rescaled.clpy 66 67 nan
hic_contacts_WD_SUMOnub_merge_all_dm6_NA_at_1000bp_PcGstate_local_rescaled.clpy 66 68 1.108513
hic_contacts_WD_SUMOnub_merge_all_dm6_NA_at_1000bp_PcGstate_local_rescaled.clpy 66 69 1.102258
hic_contacts_WD_SUMOnub_merge_all_dm6_NA_at_1000bp_PcGstate_local_rescaled.clpy 67 60 0.801198
hic_contacts_WD_SUMOnub_merge_all_dm6_NA_at_1000bp_PcGstate_local_rescaled.clpy 67 61 0.843227
hic_contacts_WD_SUMOnub_merge_all_dm6_NA_at_1000bp_PcGstate_local_rescaled.clpy 67 62 0.841670
hic_contacts_WD_SUMOnub_merge_all_dm6_NA_at_1000bp_PcGstate_local_rescaled.clpy 67 63 0.845113
hic_contacts_WD_SUMOnub_merge_all_dm6_NA_at_1000bp_PcGstate_local_rescaled.clpy 67 64 0.896853
hic_contacts_WD_SUMOnub_merge_all_dm6_NA_at_1000bp_PcGstate_local_rescaled.clpy 67 65 0.991232
hic_contacts_WD_SUMOnub_merge_all_dm6_NA_at_1000bp_PcGstate_local_rescaled.clpy 67 66 nan
hic_contacts_WD_SUMOnub_merge_all_dm6_NA_at_1000bp_PcGstate_local_rescaled.clpy 67 67 nan
hic_contacts_WD_SUMOnub_merge_all_dm6_NA_at_1000bp_PcGstate_local_rescaled.clpy 67 68 nan
hic_contacts_WD_SUMOnub_merge_all_dm6_NA_at_1000bp_PcGstate_local_rescaled.clpy 67 69 1.115934
hic_contacts_WD_SUMOnub_merge_all_dm6_NA_at_1000bp_PcGstate_local_rescaled.clpy 68 60 0.771985
hic_contacts_WD_SUMOnub_merge_all_dm6_NA_at_1000bp_PcGstate_local_rescaled.clpy 68 61 0.822532
hic_contacts_WD_SUMOnub_merge_all_dm6_NA_at_1000bp_PcGstate_local_rescaled.clpy 68 62 0.862022
hic_contacts_WD_SUMOnub_merge_all_dm6_NA_at_1000bp_PcGstate_local_rescaled.clpy 68 63 0.837703
hic_contacts_WD_SUMOnub_merge_all_dm6_NA_at_1000bp_PcGstate_local_rescaled.clpy 68 64 0.918256
hic_contacts_WD_SUMOnub_merge_all_dm6_NA_at_1000bp_PcGstate_local_rescaled.clpy 68 65 0.924374
hic_contacts_WD_SUMOnub_merge_all_dm6_NA_at_1000bp_PcGstate_local_rescaled.clpy 68 66 1.108513
hic_contacts_WD_SUMOnub_merge_all_dm6_NA_at_1000bp_PcGstate_local_rescaled.clpy 68 67 nan
hic_contacts_WD_SUMOnub_merge_all_dm6_NA_at_1000bp_PcGstate_local_rescaled.clpy 68 68 nan
hic_contacts_WD_SUMOnub_merge_all_dm6_NA_at_1000bp_PcGstate_local_rescaled.clpy 68 69 nan
hic_contacts_WD_SUMOnub_merge_all_dm6_NA_at_1000bp_PcGstate_local_rescaled.clpy 69 60 0.786343
hic_contacts_WD_SUMOnub_merge_all_dm6_NA_at_1000bp_PcGstate_local_rescaled.clpy 69 61 0.804645
hic_contacts_WD_SUMOnub_merge_all_dm6_NA_at_1000bp_PcGstate_local_rescaled.clpy 69 62 0.831140
hic_contacts_WD_SUMOnub_merge_all_dm6_NA_at_1000bp_PcGstate_local_rescaled.clpy 69 63 0.838534
hic_contacts_WD_SUMOnub_merge_all_dm6_NA_at_1000bp_PcGstate_local_rescaled.clpy 69 64 0.907285
hic_contacts_WD_SUMOnub_merge_all_dm6_NA_at_1000bp_PcGstate_local_rescaled.clpy 69 65 0.934546
hic_contacts_WD_SUMOnub_merge_all_dm6_NA_at_1000bp_PcGstate_local_rescaled.clpy 69 66 1.102258
hic_contacts_WD_SUMOnub_merge_all_dm6_NA_at_1000bp_PcGstate_local_rescaled.clpy 69 67 1.115934
hic_contacts_WD_SUMOnub_merge_all_dm6_NA_at_1000bp_PcGstate_local_rescaled.clpy 69 68 nan
hic_contacts_WD_SUMOnub_merge_all_dm6_NA_at_1000bp_PcGstate_local_rescaled.clpy 69 69 nan
